T[s] F[N] A[g]
0	22.630525030525	0.41260073260073
5E-5	50.637362637363	0.46261294261294
0.0001	47.63663003663	0.43760683760684
0.00015	23.380708180708	0.46261294261294
0.0002	1.6253968253968	0.63765567765568
0.00025	1.1252747252747	-3.338315018315
0.0003	1.6253968253968	-0.13753357753358
0.00035	1.3753357753358	12.440537240537
0.0004	0.62515262515263	5.8889377289377
0.00045	1.1252747252747	-15.641318681319
0.0005	1.3753357753358	-23.093137973138
0.00055	1.1252747252747	-2.5881318681319
0.0006	1.1252747252747	13.390769230769
0.00065	0.87521367521368	11.915409035409
0.0007	0.62515262515263	3.5383638583639
0.00075	0.37509157509158	-0.78769230769231
0.0008	0.62515262515263	-1.6378998778999
0.00085	0.87521367521368	-1.18778998779
0.0009	0.62515262515263	-4.0634920634921
0.00095	0.87521367521368	1.9879853479853
0.001	0.62515262515263	0.037509157509158
0.00105	0.87521367521368	3.1632722832723
0.0011	1.1252747252747	11.665347985348
0.00115	1.3753357753358	11.690354090354
0.0012	0.87521367521368	-0.58764346764347
0.00125	0.87521367521368	-5.6388766788767
0.0013	1.1252747252747	9.4648107448107
0.00135	1.1252747252747	21.017631257631
0.0014	1.1252747252747	8.7146275946276
0.00145	1.1252747252747	-4.6886446886447
0.0015	1.1252747252747	-11.865396825397
0.00155	1.1252747252747	-1.0377533577534
0.0016	0.87521367521368	3.3133089133089
0.00165	0.87521367521368	8.6396092796093
0.0017	0.62515262515263	11.740366300366
0.00175	0.62515262515263	6.6891330891331
0.0018	0.87521367521368	1.5878876678877
0.00185	1.1252747252747	0.38759462759463
0.0019	1.1252747252747	-0.51262515262515
0.00195	0.87521367521368	-8.2145054945055
0.002	0.87521367521368	-11.790378510379
0.00205	0.62515262515263	0.36258852258852
0.0021	1.1252747252747	10.114969474969
0.00215	1.3753357753358	5.2637851037851
0.0022	1.1252747252747	-10.064957264957
0.00225	0.62515262515263	-9.1897435897436
0.0023	1.1252747252747	3.6633943833944
0.00235	1.3753357753358	7.2142612942613
0.0024	0.87521367521368	5.1137484737485
0.00245	0.87521367521368	-0.78769230769231
0.0025	0.87521367521368	-7.6643711843712
0.00255	0.37509157509158	-11.090207570208
0.0026	0.62515262515263	-5.2637851037851
0.00265	1.3753357753358	5.3137973137973
0.0027	0.62515262515263	4.3885714285714
0.00275	0.62515262515263	3.5883760683761
0.0028	0.62515262515263	8.9146764346764
0.00285	0.87521367521368	10.039951159951
0.0029	1.1252747252747	3.3133089133089
0.00295	0.87521367521368	-12.215482295482
0.003	0.37509157509158	-10.940170940171
0.00305	1.1252747252747	3.8384371184371
0.0031	1.1252747252747	9.1147252747253
0.00315	0.87521367521368	3.5883760683761
0.0032	0.62515262515263	-2.9632234432234
0.00325	0.62515262515263	-4.8636874236874
0.0033	0.62515262515263	-4.8386813186813
0.00335	1.1252747252747	0.33758241758242
0.0034	0.87521367521368	8.1144810744811
0.00345	0.87521367521368	0.51262515262515
0.0035	0.62515262515263	-6.5891086691087
0.00355	0.62515262515263	-9.289768009768
0.0036	0.87521367521368	-5.2637851037851
0.00365	1.3753357753358	-5.1137484737485
0.0037	1.1252747252747	-10.164981684982
0.00375	1.1252747252747	-3.7384126984127
0.0038	0.62515262515263	5.9389499389499
0.00385	1.1252747252747	8.2395115995116
0.0039	0.87521367521368	-2.1130158730159
0.00395	1.1252747252747	-12.865641025641
0.004	0.87521367521368	-9.5648351648352
0.00405	0.62515262515263	-8.6396092796093
0.0041	0.62515262515263	0.86271062271062
0.00415	0.87521367521368	4.4635897435897
0.0042	1.1252747252747	2.1880341880342
0.00425	1.3753357753358	-3.7134065934066
0.0043	0.87521367521368	-4.763663003663
0.00435	0.87521367521368	3.8884493284493
0.0044	0.87521367521368	7.0392185592186
0.00445	1.1252747252747	2.0379975579976
0.0045	0.87521367521368	1.4128449328449
0.00455	1.3753357753358	4.6636385836386
0.0046	1.3753357753358	6.7141391941392
0.00465	0.87521367521368	-5.5888644688645
0.0047	0.87521367521368	-4.3885714285714
0.00475	1.1252747252747	1.8879609279609
0.0048	1.3753357753358	8.1644932844933
0.00485	0.87521367521368	12.415531135531
0.0049	0.62515262515263	8.3895482295482
0.00495	0.87521367521368	0.63765567765568
0.005	-0.37509157509158	-7.0142124542125
0.00505	0.62515262515263	-7.8894261294261
0.0051	0.87521367521368	1.3628327228327
0.00515	1.1252747252747	5.9889621489621
0.0052	1.3753357753358	3.2632967032967
0.00525	0.87521367521368	-1.8629548229548
0.0053	0.62515262515263	2.1130158730159
0.00535	0.87521367521368	4.1135042735043
0.0054	1.1252747252747	-1.9379731379731
0.00545	0.87521367521368	-3.2632967032967
0.0055	0.62515262515263	1.2378021978022
0.00555	0.62515262515263	3.1132600732601
0.0056	1.1252747252747	3.1882783882784
0.00565	1.3753357753358	-3.7134065934066
0.0057	1.1252747252747	-4.6386324786325
0.00575	0.87521367521368	-5.1887667887668
0.0058	0.62515262515263	1.2127960927961
0.00585	1.1252747252747	10.515067155067
0.0059	1.1252747252747	12.915653235653
0.00595	0.62515262515263	5.5638583638584
0.006	0.87521367521368	-4.8886935286935
0.00605	0.62515262515263	-1.5128693528694
0.0061	0.62515262515263	3.4133333333333
0.00615	1.1252747252747	2.138021978022
0.0062	1.3753357753358	3.7634188034188
0.00625	1.1252747252747	6.8641758241758
0.0063	0.87521367521368	10.565079365079
0.00635	0.87521367521368	6.5641025641026
0.0064	0.87521367521368	2.6381440781441
0.00645	0.87521367521368	0.46261294261294
0.0065	1.1252747252747	-0.38759462759463
0.00655	1.3753357753358	3.6633943833944
0.0066	1.1252747252747	4.3885714285714
0.00665	0.87521367521368	3.3883272283272
0.0067	0.62515262515263	-3.7384126984127
0.00675	0.87521367521368	-9.514822954823
0.0068	1.1252747252747	-2.9132112332112
0.00685	1.1252747252747	5.9389499389499
0.0069	0.62515262515263	5.963956043956
0.00695	0.87521367521368	2.0129914529915
0.007	0.62515262515263	-2.2880586080586
0.00705	1.1252747252747	-3.0132356532357
0.0071	0.87521367521368	-7.2142612942613
0.00715	0.87521367521368	-7.86442002442
0.0072	0.87521367521368	-6.4890842490842
0.00725	0.62515262515263	-1.0377533577534
0.0073	0.37509157509158	2.3630769230769
0.00735	0.87521367521368	2.1880341880342
0.0074	0.87521367521368	1.5878876678877
0.00745	0.87521367521368	-3.6133821733822
0.0075	0.87521367521368	-7.8394139194139
0.00755	0.87521367521368	-0.71267399267399
0.0076	0.87521367521368	3.6133821733822
0.00765	0.87521367521368	2.613137973138
0.0077	1.1252747252747	-4.3385592185592
0.00775	1.3753357753358	-5.5138461538462
0.0078	0.87521367521368	-1.6879120879121
0.00785	-0.62515262515263	1.7629304029304
0.0079	0.87521367521368	4.4385836385836
0.00795	0.87521367521368	5.0137240537241
0.008	0.62515262515263	5.3388034188034
0.00805	1.1252747252747	2.8131868131868
0.0081	1.1252747252747	-4.038485958486
0.00815	1.1252747252747	-4.1885225885226
0.0082	1.1252747252747	-7.5143345543346
0.00825	0.87521367521368	-5.0887423687424
0.0083	0.87521367521368	-0.037509157509158
0.00835	0.87521367521368	5.8139194139194
0.0084	0.87521367521368	3.0632478632479
0.00845	0.87521367521368	-4.9387057387057
0.0085	1.1252747252747	-6.664126984127
0.00855	0.62515262515263	-4.4885958485958
0.0086	0.87521367521368	-0.98774114774115
0.00865	0.62515262515263	-1.5878876678877
0.0087	0.62515262515263	-5.2637851037851
0.00875	0.62515262515263	-3.2382905982906
0.0088	0.87521367521368	-5.8889377289377
0.00885	0.87521367521368	-4.763663003663
0.0089	0.87521367521368	-1.4628571428571
0.00895	0.87521367521368	0.98774114774115
0.009	1.1252747252747	1.9629792429792
0.00905	1.1252747252747	2.2630525030525
0.0091	1.1252747252747	3.1132600732601
0.00915	1.1252747252747	-2.7881807081807
0.0092	1.3753357753358	-7.7643956043956
0.00925	1.1252747252747	-5.238778998779
0.0093	1.1252747252747	1.1127716727717
0.00935	1.3753357753358	9.4147985347985
0.0094	1.3753357753358	8.4645665445665
0.00945	1.1252747252747	4.4885958485958
0.0095	0.37509157509158	4.0884981684982
0.00955	0.87521367521368	2.4130891330891
0.0096	0.87521367521368	3.3633211233211
0.00965	1.1252747252747	4.4385836385836
0.0097	1.1252747252747	5.3388034188034
0.00975	1.1252747252747	3.3133089133089
0.0098	1.1252747252747	1.7129181929182
0.00985	1.6253968253968	3.3633211233211
0.0099	1.1252747252747	1.6879120879121
0.00995	1.1252747252747	1.3128205128205
0.01	0.87521367521368	2.8882051282051
0.01005	1.1252747252747	5.9889621489621
0.0101	1.1252747252747	8.0144566544567
0.01015	1.1252747252747	0.33758241758242
0.0102	0.87521367521368	-5.3137973137973
0.01025	0.62515262515263	-6.1389987789988
0.0103	1.1252747252747	-2.4130891330891
0.01035	1.3753357753358	1.3628327228327
0.0104	1.1252747252747	4.1135042735043
0.01045	0.87521367521368	5.3888156288156
0.0105	0.87521367521368	1.437851037851
0.01055	1.1252747252747	-0.66266178266178
0.0106	1.1252747252747	0.13753357753358
0.01065	1.1252747252747	-1.3878388278388
0.0107	0.87521367521368	0.51262515262515
0.01075	0.62515262515263	-0.78769230769231
0.0108	0.62515262515263	2.613137973138
0.01085	1.1252747252747	3.5883760683761
0.0109	1.6253968253968	0.66266178266178
0.01095	1.1252747252747	-0.93772893772894
0.011	0.87521367521368	2.5131135531136
0.01105	0.87521367521368	7.5643467643468
0.0111	0.62515262515263	8.2895238095238
0.01115	0.87521367521368	5.6138705738706
0.0112	1.1252747252747	3.1882783882784
0.01125	0.87521367521368	-3.2632967032967
0.0113	0.87521367521368	-1.3378266178266
0.01135	1.1252747252747	0.7626862026862
0.0114	1.1252747252747	4.8886935286935
0.01145	1.3753357753358	6.1139926739927
0.0115	0.87521367521368	4.2635409035409
0.01155	1.1252747252747	3.0382417582418
0.0116	1.3753357753358	1.3878388278388
0.01165	1.1252747252747	-2.9632234432234
0.0117	0.62515262515263	-5.5138461538462
0.01175	0.87521367521368	-4.2635409035409
0.0118	1.3753357753358	0.037509157509158
0.01185	1.1252747252747	-1.7629304029304
0.0119	0.87521367521368	-2.7381684981685
0.01195	0.62515262515263	-4.9387057387057
0.012	0.62515262515263	-5.3388034188034
0.01205	0.87521367521368	-2.0379975579976
0.0121	0.87521367521368	0.56263736263736
0.01215	0.87521367521368	1.0627594627595
0.0122	0.62515262515263	-1.9379731379731
0.01225	0.87521367521368	-6.8141636141636
0.0123	1.1252747252747	-7.5143345543346
0.01235	0.37509157509158	-6.1139926739927
0.0124	0.87521367521368	-2.7381684981685
0.01245	0.37509157509158	-2.2130402930403
0.0125	0.87521367521368	1.912967032967
0.01255	0.87521367521368	4.4885958485958
0.0126	0.62515262515263	1.662905982906
0.01265	1.1252747252747	-1.0377533577534
0.0127	0.87521367521368	-3.7634188034188
0.01275	0.62515262515263	-3.1132600732601
0.0128	0.12503052503053	0.037509157509158
0.01285	1.3753357753358	1.7129181929182
0.0129	1.6253968253968	2.8131868131868
0.01295	1.1252747252747	0.087521367521368
0.013	0.62515262515263	-0.78769230769231
0.01305	1.1252747252747	0.062515262515263
0.0131	0.87521367521368	3.0132356532357
0.01315	1.1252747252747	4.9637118437118
0.0132	0.87521367521368	0.61264957264957
0.01325	0.87521367521368	-0.56263736263736
0.0133	0.87521367521368	-2.7631746031746
0.01335	0.62515262515263	-5.6388766788767
0.0134	0.87521367521368	-5.48884004884
0.01345	1.1252747252747	-4.4885958485958
0.0135	0.62515262515263	0.012503052503053
0.01355	0.87521367521368	2.1880341880342
0.0136	0.87521367521368	1.662905982906
0.01365	0.62515262515263	-1.9379731379731
0.0137	0.87521367521368	-4.288547008547
0.01375	0.62515262515263	-4.8136752136752
0.0138	1.3753357753358	-4.9136996336996
0.01385	0.87521367521368	0.012503052503053
0.0139	1.1252747252747	1.4628571428571
0.01395	0.37509157509158	-0.91272283272283
0.014	1.1252747252747	-0.41260073260073
0.01405	0.62515262515263	0.61264957264957
0.0141	1.1252747252747	2.138021978022
0.01415	0.87521367521368	3.3633211233211
0.0142	0.87521367521368	3.7134065934066
0.01425	0.87521367521368	5.2137728937729
0.0143	0.62515262515263	3.1382661782662
0.01435	0.87521367521368	2.3130647130647
0.0144	1.1252747252747	-0.71267399267399
0.01445	1.3753357753358	0.86271062271062
0.0145	0.87521367521368	3.7634188034188
0.01455	0.62515262515263	6.9892063492063
0.0146	0.62515262515263	11.115213675214
0.01465	1.1252747252747	9.7148717948718
0.0147	1.1252747252747	4.3635653235653
0.01475	0.62515262515263	2.0379975579976
0.0148	0.62515262515263	0.46261294261294
0.01485	0.87521367521368	2.6631501831502
0.0149	0.87521367521368	1.8629548229548
0.01495	0.62515262515263	2.8882051282051
0.015	0.87521367521368	1.912967032967
0.01505	1.1252747252747	1.5128693528694
0.0151	1.1252747252747	1.2378021978022
0.01515	0.37509157509158	-0.11252747252747
0.0152	0.87521367521368	1.3128205128205
0.01525	0.62515262515263	1.6879120879121
0.0153	0.62515262515263	0.43760683760684
0.01535	0.87521367521368	0.86271062271062
0.0154	1.6253968253968	-2.863199023199
0.01545	1.1252747252747	-4.3885714285714
0.0155	0.87521367521368	-4.1385103785104
0.01555	0.62515262515263	1.0627594627595
0.0156	0.87521367521368	4.1635164835165
0.01565	0.87521367521368	4.4135775335775
0.0157	1.1252747252747	3.2382905982906
0.01575	0.62515262515263	-0.2625641025641
0.0158	0.87521367521368	-1.0127472527473
0.01585	0.87521367521368	-1.2378021978022
0.0159	0.62515262515263	-1.4878632478632
0.01595	0.62515262515263	2.0129914529915
0.016	0.87521367521368	1.8629548229548
0.01605	0.87521367521368	3.2382905982906
0.0161	1.1252747252747	3.2132844932845
0.01615	0.62515262515263	2.4881074481074
0.0162	1.1252747252747	1.7379242979243
0.01625	0.62515262515263	2.1630280830281
0.0163	0.62515262515263	4.2635409035409
0.01635	0.87521367521368	3.2132844932845
0.0164	0.87521367521368	0.53763125763126
0.01645	1.1252747252747	-2.4380952380952
0.0165	0.62515262515263	-4.7136507936508
0.01655	0.87521367521368	-1.6879120879121
0.0166	0.87521367521368	-0.037509157509158
0.01665	1.1252747252747	1.3628327228327
0.0167	0.62515262515263	1.6879120879121
0.01675	0.87521367521368	-1.2378021978022
0.0168	1.1252747252747	-3.813431013431
0.01685	1.1252747252747	-6.4140659340659
0.0169	1.1252747252747	-6.4140659340659
0.01695	0.87521367521368	-6.6391208791209
0.017	1.1252747252747	-4.8636874236874
0.01705	1.3753357753358	-1.8129426129426
0.0171	0.87521367521368	-2.2130402930403
0.01715	1.3753357753358	-2.2130402930403
0.0172	0.87521367521368	-3.7884249084249
0.01725	0.87521367521368	-4.0134798534799
0.0173	0.87521367521368	-0.63765567765568
0.01735	1.1252747252747	-0.7376800976801
0.0174	0.87521367521368	-0.88771672771673
0.01745	1.1252747252747	-3.0382417582418
0.0175	0.62515262515263	-3.4883516483516
0.01755	0.62515262515263	-3.5383638583639
0.0176	0.62515262515263	-1.0877655677656
0.01765	1.1252747252747	2.7631746031746
0.0177	0.87521367521368	3.4383394383394
0.01775	1.1252747252747	4.2135286935287
0.0178	1.1252747252747	3.6884004884005
0.01785	1.1252747252747	0.48761904761905
0.0179	0.37509157509158	-0.41260073260073
0.01795	0.12503052503053	-2.3380708180708
0.018	0.87521367521368	-0.237557997558
0.01805	1.3753357753358	2.388083028083
0.0181	0.62515262515263	3.8634432234432
0.01815	0.62515262515263	2.6631501831502
0.0182	1.1252747252747	1.1127716727717
0.01825	1.1252747252747	0.56263736263736
0.0183	1.1252747252747	0.037509157509158
0.01835	0.62515262515263	0.46261294261294
0.0184	0.62515262515263	1.0627594627595
0.01845	1.1252747252747	-1.9879853479853
0.0185	0.87521367521368	-2.3380708180708
0.01855	0.37509157509158	-3.8884493284493
0.0186	0.87521367521368	-2.8882051282051
0.01865	0.87521367521368	-1.1377777777778
0.0187	0.62515262515263	0.78769230769231
0.01875	1.3753357753358	2.6381440781441
0.0188	0.87521367521368	3.5883760683761
0.01885	1.1252747252747	2.3630769230769
0.0189	1.1252747252747	-0.58764346764347
0.01895	1.1252747252747	-2.6381440781441
0.019	0.87521367521368	-0.83770451770452
0.01905	0.37509157509158	0.21255189255189
0.0191	0.62515262515263	4.2385347985348
0.01915	0.62515262515263	5.2637851037851
0.0192	0.87521367521368	4.4635897435897
0.01925	0.62515262515263	4.288547008547
0.0193	0.62515262515263	3.8384371184371
0.01935	0.62515262515263	4.7136507936508
0.0194	0.87521367521368	5.3638095238095
0.01945	0.62515262515263	4.6636385836386
0.0195	0.87521367521368	4.3385592185592
0.01955	0.87521367521368	2.9882295482295
0.0196	1.3753357753358	3.3883272283272
0.01965	1.1252747252747	1.8879609279609
0.0197	0.87521367521368	3.6884004884005
0.01975	0.87521367521368	6.0139682539683
0.0198	0.87521367521368	6.3140415140415
0.01985	0.87521367521368	6.2390231990232
0.0199	1.3753357753358	2.7381684981685
0.01995	1.1252747252747	-0.83770451770452
0.02	0.87521367521368	-2.5131135531136
0.02005	0.37509157509158	-2.7131623931624
0.0201	0.62515262515263	-0.66266178266178
0.02015	0.87521367521368	-0.062515262515263
0.0202	1.1252747252747	0.83770451770452
0.02025	1.1252747252747	-0.53763125763126
0.0203	0.87521367521368	-0.91272283272283
0.02035	0.87521367521368	-0.86271062271062
0.0204	0.87521367521368	-2.4130891330891
0.02045	0.87521367521368	-1.0377533577534
0.0205	1.1252747252747	-1.3878388278388
0.02055	1.3753357753358	-1.4878632478632
0.0206	0.87521367521368	-1.5628815628816
0.02065	0.62515262515263	-2.7881807081807
0.0207	0.37509157509158	-1.7129181929182
0.02075	0.87521367521368	-0.2625641025641
0.0208	0.87521367521368	2.388083028083
0.02085	1.3753357753358	3.7884249084249
0.0209	0.87521367521368	2.5631257631258
0.02095	0.87521367521368	0.88771672771673
0.021	0.37509157509158	-2.4380952380952
0.02105	0.87521367521368	-1.5628815628816
0.0211	0.87521367521368	-1.1377777777778
0.02115	1.6253968253968	0.11252747252747
0.0212	1.1252747252747	2.138021978022
0.02125	1.1252747252747	2.2880586080586
0.0213	1.1252747252747	2.2130402930403
0.02135	0.87521367521368	1.1127716727717
0.0214	1.1252747252747	-0.36258852258852
0.02145	1.1252747252747	-0.68766788766789
0.0215	0.87521367521368	-1.5628815628816
0.02155	0.87521367521368	-0.51262515262515
0.0216	0.37509157509158	-2.4130891330891
0.02165	1.1252747252747	-3.4133333333333
0.0217	0.62515262515263	-4.5386080586081
0.02175	1.1252747252747	-5.0637362637363
0.0218	1.1252747252747	-2.6881562881563
0.02185	0.87521367521368	-1.4878632478632
0.0219	0.87521367521368	-1.4628571428571
0.02195	1.3753357753358	-2.3630769230769
0.022	1.6253968253968	-4.9136996336996
0.02205	0.62515262515263	-5.5388522588523
0.0221	0.87521367521368	-6.4890842490842
0.02215	1.3753357753358	-4.1885225885226
0.0222	1.6253968253968	-3.0382417582418
0.02225	0.87521367521368	-0.28757020757021
0.0223	0.12503052503053	1.0877655677656
0.02235	1.1252747252747	0.31257631257631
0.0224	0.87521367521368	0.28757020757021
0.02245	0.37509157509158	-0.81269841269841
0.0225	1.1252747252747	-0.7626862026862
0.02255	0.87521367521368	1.3128205128205
0.0226	0.37509157509158	1.3128205128205
0.02265	1.1252747252747	1.4878632478632
0.0227	0.87521367521368	0.46261294261294
0.02275	1.1252747252747	1.2378021978022
0.0228	0.87521367521368	1.9379731379731
0.02285	0.87521367521368	3.8884493284493
0.0229	1.1252747252747	5.3137973137973
0.02295	0.87521367521368	4.4385836385836
0.023	1.1252747252747	3.8634432234432
0.02305	0.87521367521368	1.9379731379731
0.0231	1.1252747252747	-0.18754578754579
0.02315	1.1252747252747	0.11252747252747
0.0232	0.37509157509158	-0.087521367521368
0.02325	0.87521367521368	2.0880097680098
0.0233	1.1252747252747	3.1882783882784
0.02335	0.87521367521368	3.3883272283272
0.0234	0.62515262515263	2.138021978022
0.02345	0.62515262515263	-0.33758241758242
0.0235	0.62515262515263	-0.7626862026862
0.02355	0.62515262515263	-1.437851037851
0.0236	0.62515262515263	-0.41260073260073
0.02365	1.3753357753358	-0.16253968253968
0.0237	0.37509157509158	-0.96273504273504
0.02375	0.62515262515263	-0.062515262515263
0.0238	0.62515262515263	-0.087521367521368
0.02385	0.87521367521368	1.3128205128205
0.0239	0.87521367521368	3.0632478632479
0.02395	0.62515262515263	3.6633943833944
0.024	0.87521367521368	4.1635164835165
0.02405	1.1252747252747	3.1132600732601
0.0241	1.1252747252747	2.3630769230769
0.02415	1.1252747252747	0.63765567765568
0.0242	0.62515262515263	1.0627594627595
0.02425	-0.12503052503053	2.9632234432234
0.0243	0.62515262515263	4.513601953602
0.02435	1.1252747252747	6.7391452991453
0.0244	1.3753357753358	6.439072039072
0.02445	0.87521367521368	4.6136263736264
0.0245	1.1252747252747	3.8884493284493
0.02455	0.62515262515263	2.3380708180708
0.0246	0.62515262515263	2.9382173382173
0.02465	1.1252747252747	2.4631013431013
0.0247	1.1252747252747	2.5881318681319
0.02475	1.1252747252747	1.7629304029304
0.0248	0.62515262515263	1.3878388278388
0.02485	0.87521367521368	1.5878876678877
0.0249	0.62515262515263	0.63765567765568
0.02495	0.87521367521368	1.4128449328449
0.025	0.62515262515263	1.5378754578755
0.02505	1.1252747252747	-0.13753357753358
0.0251	1.3753357753358	-0.83770451770452
0.02515	1.1252747252747	-4.2135286935287
0.0252	0.87521367521368	-5.1137484737485
0.02525	1.6253968253968	-5.2887912087912
0.0253	1.1252747252747	-3.2883028083028
0.02535	1.1252747252747	-1.4878632478632
0.0254	0.62515262515263	-0.48761904761905
0.02545	1.1252747252747	-0.43760683760684
0.0255	0.87521367521368	-1.9379731379731
0.02555	0.87521367521368	-2.5631257631258
0.0256	1.1252747252747	-2.2130402930403
0.02565	0.87521367521368	-3.0382417582418
0.0257	0.62515262515263	-1.2127960927961
0.02575	0.62515262515263	-1.3128205128205
0.0258	0.62515262515263	-0.43760683760684
0.02585	1.1252747252747	-0.237557997558
0.0259	1.1252747252747	-0.16253968253968
0.02595	1.1252747252747	0.63765567765568
0.026	0.62515262515263	1.3128205128205
0.02605	0.87521367521368	2.1630280830281
0.0261	0.62515262515263	1.4128449328449
0.02615	0.87521367521368	-0.062515262515263
0.0262	0.87521367521368	-1.2878144078144
0.02625	1.3753357753358	-3.3883272283272
0.0263	0.62515262515263	-1.4128449328449
0.02635	1.1252747252747	-0.33758241758242
0.0264	0.62515262515263	0.93772893772894
0.02645	0.87521367521368	1.6128937728938
0.0265	0.62515262515263	0.46261294261294
0.02655	0.87521367521368	-0.61264957264957
0.0266	0.87521367521368	-2.3130647130647
0.02665	1.1252747252747	-3.4133333333333
0.0267	0.62515262515263	-3.6884004884005
0.02675	0.62515262515263	-3.7884249084249
0.0268	0.87521367521368	-2.7381684981685
0.02685	0.62515262515263	-3.6633943833944
0.0269	0.62515262515263	-3.0382417582418
0.02695	0.62515262515263	-3.1632722832723
0.027	0.87521367521368	-2.9132112332112
0.02705	1.1252747252747	-0.98774114774115
0.0271	0.62515262515263	-0.86271062271062
0.02715	0.87521367521368	-0.98774114774115
0.0272	0.62515262515263	-1.8879609279609
0.02725	0.62515262515263	-2.5381196581197
0.0273	1.3753357753358	-1.9879853479853
0.02735	1.1252747252747	-0.83770451770452
0.0274	0.87521367521368	1.9629792429792
0.02745	0.62515262515263	3.1132600732601
0.0275	0.62515262515263	4.3385592185592
0.02755	0.87521367521368	4.5636141636142
0.0276	-0.37509157509158	2.863199023199
0.02765	0.87521367521368	2.7631746031746
0.0277	0.87521367521368	1.7129181929182
0.02775	0.37509157509158	2.3630769230769
0.0278	0.62515262515263	3.2632967032967
0.02785	0.62515262515263	3.813431013431
0.0279	1.3753357753358	3.8634432234432
0.02795	1.3753357753358	3.2632967032967
0.028	0.87521367521368	3.6884004884005
0.02805	1.1252747252747	3.7884249084249
0.0281	0.87521367521368	4.038485958486
0.02815	0.62515262515263	4.2635409035409
0.0282	0.62515262515263	2.1880341880342
0.02825	1.1252747252747	1.6128937728938
0.0283	0.62515262515263	-0.28757020757021
0.02835	0.37509157509158	-0.68766788766789
0.0284	0.87521367521368	0.21255189255189
0.02845	1.1252747252747	0.91272283272283
0.0285	1.1252747252747	1.9629792429792
0.02855	1.1252747252747	2.1130158730159
0.0286	0.87521367521368	1.437851037851
0.02865	1.1252747252747	-0.062515262515263
0.0287	0.62515262515263	-1.5378754578755
0.02875	1.3753357753358	-0.93772893772894
0.0288	1.1252747252747	-0.93772893772894
0.02885	1.1252747252747	1.0377533577534
0.0289	0.62515262515263	1.5878876678877
0.02895	1.1252747252747	1.8129426129426
0.029	1.1252747252747	2.613137973138
0.02905	0.87521367521368	2.7631746031746
0.0291	1.1252747252747	3.4633455433455
0.02915	1.1252747252747	4.038485958486
0.0292	0.87521367521368	3.6633943833944
0.02925	0.62515262515263	3.2132844932845
0.0293	0.37509157509158	1.9379731379731
0.02935	0.62515262515263	2.0129914529915
0.0294	1.3753357753358	1.0127472527473
0.02945	1.6253968253968	2.3380708180708
0.0295	1.1252747252747	3.4133333333333
0.02955	0.87521367521368	3.9384615384615
0.0296	1.1252747252747	4.0884981684982
0.02965	0.87521367521368	2.2130402930403
0.0297	1.1252747252747	0.31257631257631
0.02975	1.3753357753358	-0.61264957264957
0.0298	0.87521367521368	-1.5878876678877
0.02985	0.12503052503053	-0.98774114774115
0.0299	1.1252747252747	-1.18778998779
0.02995	1.3753357753358	-0.71267399267399
0.03	0.87521367521368	-1.5878876678877
0.03005	0.37509157509158	-1.8629548229548
0.0301	0.62515262515263	-2.0129914529915
0.03015	0.62515262515263	-2.9882295482295
0.0302	0.87521367521368	-2.9382173382173
0.03025	1.1252747252747	-3.8384371184371
0.0303	0.87521367521368	-4.2635409035409
0.03035	1.1252747252747	-4.6136263736264
0.0304	1.3753357753358	-5.48884004884
0.03045	0.87521367521368	-4.6886446886447
0.0305	1.1252747252747	-3.338315018315
0.03055	1.1252747252747	-1.2127960927961
0.0306	1.1252747252747	-0.087521367521368
0.03065	0.87521367521368	0.037509157509158
0.0307	1.1252747252747	-0.237557997558
0.03075	0.62515262515263	-1.8879609279609
0.0308	0.87521367521368	-1.8129426129426
0.03085	1.1252747252747	-1.4878632478632
0.0309	1.1252747252747	-0.81269841269841
0.03095	0.87521367521368	0.71267399267399
0.031	1.1252747252747	0.78769230769231
0.03105	1.3753357753358	1.3628327228327
0.0311	1.1252747252747	1.18778998779
0.03115	0.87521367521368	0.81269841269841
0.0312	1.1252747252747	0.93772893772894
0.03125	0.87521367521368	0.38759462759463
0.0313	0.87521367521368	0.63765567765568
0.03135	1.6253968253968	-0.88771672771673
0.0314	1.1252747252747	-1.3878388278388
0.03145	0.87521367521368	-1.662905982906
0.0315	0.62515262515263	-2.0379975579976
0.03155	0.87521367521368	-0.41260073260073
0.0316	0.87521367521368	0.33758241758242
0.03165	0.62515262515263	0.61264957264957
0.0317	0.87521367521368	0.2625641025641
0.03175	0.62515262515263	-1.7379242979243
0.0318	1.1252747252747	-2.5381196581197
0.03185	1.1252747252747	-3.7134065934066
0.0319	0.87521367521368	-3.1382661782662
0.03195	0.87521367521368	-2.7131623931624
0.032	0.87521367521368	-1.4878632478632
0.03205	1.1252747252747	-0.18754578754579
0.0321	1.1252747252747	-0.237557997558
0.03215	1.1252747252747	0.56263736263736
0.0322	-0.12503052503053	0.78769230769231
0.03225	0.87521367521368	0.96273504273504
0.0323	0.62515262515263	2.1130158730159
0.03235	0.62515262515263	1.8629548229548
0.0324	0.87521367521368	2.3630769230769
0.03245	1.1252747252747	1.8129426129426
0.0325	0.87521367521368	2.4631013431013
0.03255	1.1252747252747	3.4133333333333
0.0326	1.1252747252747	4.7386568986569
0.03265	0.87521367521368	6.1640048840049
0.0327	0.87521367521368	5.8889377289377
0.03275	0.62515262515263	5.6638827838828
0.0328	0.62515262515263	4.6386324786325
0.03285	0.87521367521368	2.6631501831502
0.0329	0.62515262515263	2.7381684981685
0.03295	0.62515262515263	2.0630036630037
0.033	0.37509157509158	3.0632478632479
0.03305	0.62515262515263	3.4133333333333
0.0331	1.1252747252747	3.6633943833944
0.03315	1.3753357753358	3.3883272283272
0.0332	0.87521367521368	2.4380952380952
0.03325	1.1252747252747	2.1130158730159
0.0333	0.62515262515263	1.3628327228327
0.03335	0.87521367521368	1.0877655677656
0.0334	0.87521367521368	0.66266178266178
0.03345	1.3753357753358	-1.0627594627595
0.0335	0.87521367521368	-0.86271062271062
0.03355	1.3753357753358	-1.5628815628816
0.0336	0.87521367521368	-0.81269841269841
0.03365	0.87521367521368	0.18754578754579
0.0337	0.62515262515263	0.7626862026862
0.03375	0.87521367521368	1.2378021978022
0.0338	0.87521367521368	0.56263736263736
0.03385	0.62515262515263	-0.012503052503053
0.0339	1.3753357753358	-0.86271062271062
0.03395	0.87521367521368	-0.88771672771673
0.034	0.87521367521368	0.237557997558
0.03405	0.62515262515263	1.0127472527473
0.0341	0.87521367521368	2.8882051282051
0.03415	1.1252747252747	3.0132356532357
0.0342	0.87521367521368	2.6631501831502
0.03425	0.87521367521368	2.863199023199
0.0343	0.87521367521368	2.1130158730159
0.03435	1.3753357753358	2.138021978022
0.0344	0.62515262515263	1.5878876678877
0.03445	0.62515262515263	1.1377777777778
0.0345	1.1252747252747	0.36258852258852
0.03455	1.3753357753358	-0.33758241758242
0.0346	1.1252747252747	-0.11252747252747
0.03465	0.87521367521368	-0.43760683760684
0.0347	0.87521367521368	0.31257631257631
0.03475	0.87521367521368	0.38759462759463
0.0348	0.87521367521368	-0.38759462759463
0.03485	0.87521367521368	-0.81269841269841
0.0349	1.1252747252747	-2.9382173382173
0.03495	1.1252747252747	-3.9384615384615
0.035	1.1252747252747	-4.4135775335775
0.03505	0.62515262515263	-3.9634676434676
0.0351	0.87521367521368	-3.338315018315
0.03515	1.1252747252747	-3.0632478632479
0.0352	0.87521367521368	-2.7381684981685
0.03525	1.1252747252747	-3.2883028083028
0.0353	0.87521367521368	-3.6383882783883
0.03535	0.87521367521368	-3.7884249084249
0.0354	0.87521367521368	-4.1635164835165
0.03545	0.62515262515263	-3.2132844932845
0.0355	0.62515262515263	-3.4633455433455
0.03555	1.1252747252747	-3.0382417582418
0.0356	1.1252747252747	-2.2630525030525
0.03565	0.62515262515263	-1.6128937728938
0.0357	1.1252747252747	-0.46261294261294
0.03575	1.1252747252747	0.86271062271062
0.0358	0.87521367521368	1.7629304029304
0.03585	1.1252747252747	1.9879853479853
0.0359	0.87521367521368	1.2127960927961
0.03595	0.87521367521368	0.86271062271062
0.036	0.62515262515263	-0.28757020757021
0.03605	1.6253968253968	0.56263736263736
0.0361	1.1252747252747	0.96273504273504
0.03615	0.87521367521368	1.7379242979243
0.0362	1.1252747252747	2.4631013431013
0.03625	1.1252747252747	2.0880097680098
0.0363	0.62515262515263	1.5628815628816
0.03635	0.87521367521368	1.0127472527473
0.0364	0.37509157509158	0.28757020757021
0.03645	0.62515262515263	0.012503052503053
0.0365	0.87521367521368	-0.48761904761905
0.03655	1.3753357753358	-0.087521367521368
0.0366	0.62515262515263	-0.83770451770452
0.03665	1.1252747252747	-0.51262515262515
0.0367	0.62515262515263	-0.43760683760684
0.03675	0.62515262515263	-0.237557997558
0.0368	1.1252747252747	0.71267399267399
0.03685	0.62515262515263	0.63765567765568
0.0369	0.87521367521368	0.31257631257631
0.03695	0.87521367521368	-0.36258852258852
0.037	1.1252747252747	-1.3378266178266
0.03705	0.87521367521368	-1.1627838827839
0.0371	0.62515262515263	-0.98774114774115
0.03715	1.1252747252747	0.91272283272283
0.0372	0.87521367521368	1.7629304029304
0.03725	0.87521367521368	3.0632478632479
0.0373	0.87521367521368	3.8884493284493
0.03735	0.87521367521368	3.5133577533578
0.0374	0.87521367521368	3.8384371184371
0.03745	1.3753357753358	3.5133577533578
0.0375	1.3753357753358	3.6633943833944
0.03755	1.1252747252747	4.3135531135531
0.0376	0.37509157509158	4.1385103785104
0.03765	-0.37509157509158	4.5386080586081
0.0377	1.1252747252747	4.2385347985348
0.03775	1.1252747252747	4.6136263736264
0.0378	1.3753357753358	4.763663003663
0.03785	0.62515262515263	4.8636874236874
0.0379	1.1252747252747	4.8636874236874
0.03795	0.62515262515263	3.2382905982906
0.038	0.37509157509158	2.4881074481074
0.03805	0.87521367521368	1.0877655677656
0.0381	0.62515262515263	0.21255189255189
0.03815	0.87521367521368	0.53763125763126
0.0382	0.62515262515263	0.56263736263736
0.03825	0.62515262515263	1.2378021978022
0.0383	1.1252747252747	1.2378021978022
0.03835	0.87521367521368	0.81269841269841
0.0384	1.3753357753358	0.11252747252747
0.03845	1.1252747252747	-1.1627838827839
0.0385	0.87521367521368	-1.3628327228327
0.03855	0.87521367521368	-2.1630280830281
0.0386	0.62515262515263	-1.7879365079365
0.03865	0.62515262515263	-1.8379487179487
0.0387	0.62515262515263	-2.0379975579976
0.03875	0.87521367521368	-1.4628571428571
0.0388	1.1252747252747	-1.1377777777778
0.03885	1.1252747252747	-0.21255189255189
0.0389	1.1252747252747	0.41260073260073
0.03895	1.1252747252747	0.36258852258852
0.039	0.87521367521368	0.46261294261294
0.03905	-0.62515262515263	-0.33758241758242
0.0391	0.62515262515263	-0.28757020757021
0.03915	0.87521367521368	-0.58764346764347
0.0392	1.1252747252747	0.38759462759463
0.03925	0.62515262515263	1.3628327228327
0.0393	0.62515262515263	1.8129426129426
0.03935	0.62515262515263	2.4380952380952
0.0394	0.87521367521368	1.7879365079365
0.03945	0.62515262515263	0.71267399267399
0.0395	0.62515262515263	0.037509157509158
0.03955	0.62515262515263	-1.0877655677656
0.0396	0.62515262515263	-1.0627594627595
0.03965	0.37509157509158	-1.7629304029304
0.0397	0.62515262515263	-1.7629304029304
0.03975	1.1252747252747	-2.2630525030525
0.0398	1.1252747252747	-2.2130402930403
0.03985	0.87521367521368	-2.138021978022
0.0399	0.62515262515263	-2.3380708180708
0.03995	1.1252747252747	-2.1130158730159
0.04	1.3753357753358	-2.4631013431013
0.04005	1.1252747252747	-3.4633455433455
0.0401	0.62515262515263	-3.7384126984127
0.04015	0.37509157509158	-4.7386568986569
0.0402	0.62515262515263	-4.3885714285714
0.04025	1.1252747252747	-4.0634920634921
0.0403	1.1252747252747	-2.8381929181929
0.04035	0.87521367521368	-1.912967032967
0.0404	0.62515262515263	-1.4878632478632
0.04045	1.1252747252747	-1.4128449328449
0.0405	0.62515262515263	-1.7879365079365
0.04055	1.1252747252747	-1.5378754578755
0.0406	1.3753357753358	-1.2628083028083
0.04065	1.1252747252747	-0.96273504273504
0.0407	1.1252747252747	0.38759462759463
0.04075	0.62515262515263	0.83770451770452
0.0408	0.37509157509158	1.7379242979243
0.04085	1.1252747252747	2.3630769230769
0.0409	0.62515262515263	2.863199023199
0.04095	1.1252747252747	3.4883516483516
0.041	-0.12503052503053	3.4633455433455
0.04105	0.87521367521368	3.4633455433455
0.0411	0.87521367521368	2.7381684981685
0.04115	0.87521367521368	1.9379731379731
0.0412	1.1252747252747	1.4878632478632
0.04125	1.1252747252747	1.0127472527473
0.0413	1.1252747252747	1.9629792429792
0.04135	0.87521367521368	2.138021978022
0.0414	0.87521367521368	2.3130647130647
0.04145	1.3753357753358	2.3130647130647
0.0415	0.87521367521368	1.3378266178266
0.04155	1.1252747252747	0.7376800976801
0.0416	0.87521367521368	-0.087521367521368
0.04165	1.1252747252747	-0.16253968253968
0.0417	1.1252747252747	-0.16253968253968
0.04175	0.62515262515263	0.037509157509158
0.0418	0.87521367521368	0.51262515262515
0.04185	0.62515262515263	0.41260073260073
0.0419	0.62515262515263	0.93772893772894
0.04195	0.87521367521368	1.0627594627595
0.042	1.1252747252747	1.1127716727717
0.04205	0.62515262515263	1.8129426129426
0.0421	0.62515262515263	1.3378266178266
0.04215	0.62515262515263	1.3128205128205
0.0422	1.3753357753358	1.0377533577534
0.04225	1.1252747252747	1.2378021978022
0.0423	0.87521367521368	2.0379975579976
0.04235	0.87521367521368	3.1132600732601
0.0424	0.87521367521368	4.3635653235653
0.04245	1.1252747252747	4.8136752136752
0.0425	0.62515262515263	5.0637362637363
0.04255	0.87521367521368	4.8136752136752
0.0426	0.87521367521368	3.7384126984127
0.04265	0.62515262515263	3.7634188034188
0.0427	1.3753357753358	3.0132356532357
0.04275	0.87521367521368	3.1632722832723
0.0428	0.87521367521368	3.2632967032967
0.04285	0.87521367521368	3.088253968254
0.0429	0.62515262515263	2.7881807081807
0.04295	0.87521367521368	2.138021978022
0.043	1.1252747252747	1.8129426129426
0.04305	0.87521367521368	1.2127960927961
0.0431	1.1252747252747	0.41260073260073
0.04315	1.1252747252747	-0.13753357753358
0.0432	1.1252747252747	-1.5628815628816
0.04325	1.1252747252747	-1.7629304029304
0.0433	0.62515262515263	-2.4631013431013
0.04335	0.62515262515263	-2.2880586080586
0.0434	0.87521367521368	-1.6879120879121
0.04345	1.1252747252747	-1.4628571428571
0.0435	0.87521367521368	-1.1627838827839
0.04355	0.87521367521368	-1.5628815628816
0.0436	0.62515262515263	-2.8381929181929
0.04365	0.87521367521368	-3.2382905982906
0.0437	0.87521367521368	-2.9882295482295
0.04375	0.87521367521368	-2.6631501831502
0.0438	1.3753357753358	-2.8381929181929
0.04385	1.3753357753358	-1.662905982906
0.0439	0.87521367521368	-1.2378021978022
0.04395	0.87521367521368	-0.81269841269841
0.044	0.87521367521368	-0.16253968253968
0.04405	0.62515262515263	-0.087521367521368
0.0441	0.87521367521368	0.33758241758242
0.04415	0.37509157509158	0.38759462759463
0.0442	1.1252747252747	0.16253968253968
0.04425	0.87521367521368	0.012503052503053
0.0443	0.87521367521368	-0.33758241758242
0.04435	0.62515262515263	0.11252747252747
0.0444	0.87521367521368	-0.062515262515263
0.04445	1.1252747252747	0.58764346764347
0.0445	1.1252747252747	0.81269841269841
0.04455	1.1252747252747	0.43760683760684
0.0446	0.87521367521368	0.012503052503053
0.04465	0.62515262515263	-1.3878388278388
0.0447	1.1252747252747	-2.2130402930403
0.04475	1.1252747252747	-2.8131868131868
0.0448	1.1252747252747	-3.1882783882784
0.04485	0.62515262515263	-2.7631746031746
0.0449	0.87521367521368	-2.6381440781441
0.04495	1.1252747252747	-2.3130647130647
0.045	1.1252747252747	-2.4380952380952
0.04505	0.62515262515263	-2.1880341880342
0.0451	0.87521367521368	-2.0129914529915
0.04515	0.37509157509158	-2.4130891330891
0.0452	0.87521367521368	-2.0129914529915
0.04525	0.37509157509158	-2.3130647130647
0.0453	1.1252747252747	-2.3630769230769
0.04535	0.87521367521368	-2.0379975579976
0.0454	0.62515262515263	-1.662905982906
0.04545	0.62515262515263	-0.56263736263736
0.0455	1.1252747252747	0.237557997558
0.04555	1.1252747252747	1.3128205128205
0.0456	0.87521367521368	1.8129426129426
0.04565	0.87521367521368	1.912967032967
0.0457	0.87521367521368	2.0630036630037
0.04575	1.1252747252747	1.5128693528694
0.0458	0.62515262515263	2.2630525030525
0.04585	0.87521367521368	2.6881562881563
0.0459	0.87521367521368	3.4133333333333
0.04595	0.62515262515263	4.1885225885226
0.046	0.87521367521368	4.3885714285714
0.04605	0.87521367521368	4.6636385836386
0.0461	1.1252747252747	4.4135775335775
0.04615	1.1252747252747	3.9384615384615
0.0462	1.1252747252747	3.56336996337
0.04625	1.1252747252747	2.8131868131868
0.0463	0.62515262515263	2.4881074481074
0.04635	1.1252747252747	1.437851037851
0.0464	0.87521367521368	1.3128205128205
0.04645	1.1252747252747	1.0877655677656
0.0465	0.87521367521368	1.0627594627595
0.04655	1.1252747252747	1.6128937728938
0.0466	0.12503052503053	1.5878876678877
0.04665	0.62515262515263	1.3628327228327
0.0467	0.87521367521368	0.96273504273504
0.04675	0.87521367521368	0.062515262515263
0.0468	1.1252747252747	-0.11252747252747
0.04685	0.37509157509158	-0.13753357753358
0.0469	0.62515262515263	0.38759462759463
0.04695	0.62515262515263	0.56263736263736
0.047	1.3753357753358	1.2878144078144
0.04705	1.1252747252747	1.6378998778999
0.0471	0.87521367521368	1.6128937728938
0.04715	0.87521367521368	1.9629792429792
0.0472	0.87521367521368	1.912967032967
0.04725	0.87521367521368	1.8379487179487
0.0473	1.3753357753358	2.0129914529915
0.04735	0.62515262515263	1.912967032967
0.0474	0.87521367521368	2.2630525030525
0.04745	0.12503052503053	2.2630525030525
0.0475	0.62515262515263	2.8131868131868
0.04755	0.87521367521368	3.2883028083028
0.0476	0.87521367521368	3.7634188034188
0.04765	0.62515262515263	3.9384615384615
0.0477	0.62515262515263	3.2632967032967
0.04775	1.3753357753358	2.5631257631258
0.0478	0.37509157509158	1.662905982906
0.04785	0.62515262515263	0.53763125763126
0.0479	1.1252747252747	0.33758241758242
0.04795	1.1252747252747	-0.237557997558
0.048	0.62515262515263	-0.087521367521368
0.04805	0.87521367521368	-0.46261294261294
0.0481	1.1252747252747	-0.88771672771673
0.04815	0.87521367521368	-1.3628327228327
0.0482	1.1252747252747	-2.1880341880342
0.04825	0.87521367521368	-2.5631257631258
0.0483	1.1252747252747	-3.1632722832723
0.04835	0.87521367521368	-3.338315018315
0.0484	0.62515262515263	-3.5383638583639
0.04845	0.37509157509158	-3.8884493284493
0.0485	0.62515262515263	-3.3883272283272
0.04855	1.1252747252747	-3.3633211233211
0.0486	1.1252747252747	-2.6631501831502
0.04865	0.87521367521368	-2.0630036630037
0.0487	0.87521367521368	-1.9879853479853
0.04875	1.1252747252747	-1.8879609279609
0.0488	1.1252747252747	-2.3380708180708
0.04885	1.1252747252747	-2.2880586080586
0.0489	0.87521367521368	-2.388083028083
0.04895	1.3753357753358	-1.912967032967
0.049	1.3753357753358	-1.0877655677656
0.04905	1.1252747252747	-0.43760683760684
0.0491	0.87521367521368	0.63765567765568
0.04915	1.1252747252747	0.7626862026862
0.0492	1.1252747252747	0.81269841269841
0.04925	0.87521367521368	1.0627594627595
0.0493	1.3753357753358	0.46261294261294
0.04935	0.87521367521368	0.66266178266178
0.0494	0.87521367521368	0.36258852258852
0.04945	0.62515262515263	0.28757020757021
0.0495	0.62515262515263	-0.062515262515263
0.04955	0.87521367521368	-0.18754578754579
0.0496	1.1252747252747	0.062515262515263
0.04965	0.87521367521368	-0.237557997558
0.0497	0.87521367521368	-0.13753357753358
0.04975	1.1252747252747	-0.56263736263736
0.0498	0.62515262515263	-1.3128205128205
0.04985	0.62515262515263	-1.7379242979243
0.0499	0.87521367521368	-2.5881318681319
0.04995	1.1252747252747	-2.5381196581197
0.05	1.1252747252747	-2.388083028083
0.05005	0.87521367521368	-1.7129181929182
0.0501	0.62515262515263	-1.0627594627595
0.05015	0.62515262515263	-0.61264957264957
0.0502	0.87521367521368	-0.11252747252747
0.05025	0.87521367521368	-0.237557997558
0.0503	0.62515262515263	-0.012503052503053
0.05035	0.62515262515263	0.28757020757021
0.0504	0.62515262515263	0.21255189255189
0.05045	0.87521367521368	0.91272283272283
0.0505	0.62515262515263	0.91272283272283
0.05055	1.1252747252747	1.6378998778999
0.0506	0.87521367521368	2.3630769230769
0.05065	1.1252747252747	2.9132112332112
0.0507	0.87521367521368	3.7634188034188
0.05075	0.62515262515263	4.1885225885226
0.0508	0.62515262515263	4.5886202686203
0.05085	0.62515262515263	4.3635653235653
0.0509	0.62515262515263	4.0134798534799
0.05095	1.1252747252747	3.9384615384615
0.051	1.1252747252747	3.56336996337
0.05105	0.62515262515263	4.0884981684982
0.0511	0.87521367521368	4.2135286935287
0.05115	1.1252747252747	4.4135775335775
0.0512	1.1252747252747	4.3635653235653
0.05125	0.87521367521368	3.6133821733822
0.0513	1.3753357753358	2.9632234432234
0.05135	0.62515262515263	2.138021978022
0.0514	0.87521367521368	1.3878388278388
0.05145	1.1252747252747	0.7626862026862
0.0515	1.1252747252747	0.237557997558
0.05155	0.87521367521368	0.21255189255189
0.0516	0.87521367521368	-0.18754578754579
0.05165	0.87521367521368	0.062515262515263
0.0517	0.87521367521368	0.11252747252747
0.05175	0.87521367521368	0.18754578754579
0.0518	0.62515262515263	0.53763125763126
0.05185	1.1252747252747	0.21255189255189
0.0519	0.87521367521368	0.11252747252747
0.05195	0.12503052503053	-0.2625641025641
0.052	0.87521367521368	-0.43760683760684
0.05205	0.62515262515263	-0.18754578754579
0.0521	1.1252747252747	0.2625641025641
0.05215	0.87521367521368	1.0627594627595
0.0522	0.87521367521368	1.3878388278388
0.05225	1.1252747252747	1.8129426129426
0.0523	0.87521367521368	1.8629548229548
0.05235	1.1252747252747	1.5128693528694
0.0524	0.62515262515263	1.5628815628816
0.05245	1.1252747252747	1.18778998779
0.0525	0.87521367521368	1.3128205128205
0.05255	0.62515262515263	1.3878388278388
0.0526	0.62515262515263	1.2628083028083
0.05265	0.87521367521368	1.4128449328449
0.0527	0.87521367521368	1.3628327228327
0.05275	1.1252747252747	1.3628327228327
0.0528	0.87521367521368	1.0627594627595
0.05285	1.1252747252747	0.61264957264957
0.0529	1.3753357753358	0.037509157509158
0.05295	1.1252747252747	-1.18778998779
0.053	0.87521367521368	-1.8629548229548
0.05305	1.1252747252747	-2.8381929181929
0.0531	1.1252747252747	-3.1632722832723
0.05315	1.1252747252747	-3.1132600732601
0.0532	0.87521367521368	-3.1132600732601
0.05325	0.62515262515263	-3.0132356532357
0.0533	0.62515262515263	-3.1882783882784
0.05335	0.87521367521368	-3.4633455433455
0.0534	0.87521367521368	-3.7134065934066
0.05345	0.87521367521368	-4.038485958486
0.0535	1.3753357753358	-3.8384371184371
0.05355	0.87521367521368	-3.7884249084249
0.0536	0.87521367521368	-3.0382417582418
0.05365	0.37509157509158	-2.7131623931624
0.0537	0.87521367521368	-2.3380708180708
0.05375	0.87521367521368	-1.5628815628816
0.0538	0.12503052503053	-1.1127716727717
0.05385	0.62515262515263	-0.61264957264957
0.0539	0.62515262515263	-0.2625641025641
0.05395	1.3753357753358	-0.28757020757021
0.054	1.1252747252747	-0.11252747252747
0.05405	0.87521367521368	-0.2625641025641
0.0541	0.62515262515263	0.21255189255189
0.05415	0.87521367521368	0.38759462759463
0.0542	1.1252747252747	1.1377777777778
0.05425	0.62515262515263	1.8129426129426
0.0543	0.62515262515263	2.0630036630037
0.05435	0.62515262515263	2.3130647130647
0.0544	0.62515262515263	1.912967032967
0.05445	0.12503052503053	1.4628571428571
0.0545	0.62515262515263	1.1377777777778
0.05455	1.3753357753358	0.56263736263736
0.0546	1.3753357753358	0.56263736263736
0.05465	0.87521367521368	0.21255189255189
0.0547	1.1252747252747	0.21255189255189
0.05475	1.1252747252747	-0.012503052503053
0.0548	0.87521367521368	-0.087521367521368
0.05485	0.87521367521368	-0.087521367521368
0.0549	0.87521367521368	-0.43760683760684
0.05495	0.87521367521368	-0.41260073260073
0.055	1.1252747252747	-0.7376800976801
0.05505	1.3753357753358	-0.98774114774115
0.0551	1.1252747252747	-0.7376800976801
0.05515	0.62515262515263	-0.63765567765568
0.0552	0.87521367521368	0.087521367521368
0.05525	0.62515262515263	0.7376800976801
0.0553	0.87521367521368	1.6378998778999
0.05535	0.62515262515263	2.2130402930403
0.0554	0.62515262515263	2.4130891330891
0.05545	0.62515262515263	2.6631501831502
0.0555	0.62515262515263	2.4631013431013
0.05555	0.62515262515263	2.7381684981685
0.0556	1.1252747252747	2.9632234432234
0.05565	0.62515262515263	3.1132600732601
0.0557	0.87521367521368	3.813431013431
0.05575	1.1252747252747	3.9634676434676
0.0558	1.1252747252747	4.3635653235653
0.05585	0.87521367521368	4.6136263736264
0.0559	0.87521367521368	4.6636385836386
0.05595	1.1252747252747	4.6636385836386
0.056	0.87521367521368	4.1885225885226
0.05605	1.1252747252747	3.9384615384615
0.0561	1.1252747252747	3.1882783882784
0.05615	0.62515262515263	2.863199023199
0.0562	0.37509157509158	2.4631013431013
0.05625	0.62515262515263	2.1130158730159
0.0563	0.87521367521368	2.2380463980464
0.05635	0.87521367521368	1.8129426129426
0.0564	0.62515262515263	1.3628327228327
0.05645	0.62515262515263	0.71267399267399
0.0565	0.62515262515263	-0.28757020757021
0.05655	0.62515262515263	-0.86271062271062
0.0566	0.87521367521368	-1.6378998778999
0.05665	0.62515262515263	-1.5628815628816
0.0567	0.87521367521368	-1.7629304029304
0.05675	1.1252747252747	-1.5378754578755
0.0568	0.87521367521368	-1.2127960927961
0.05685	0.62515262515263	-1.0627594627595
0.0569	0.87521367521368	-0.71267399267399
0.05695	0.87521367521368	-0.56263736263736
0.057	0.62515262515263	-0.48761904761905
0.05705	0.87521367521368	-0.2625641025641
0.0571	1.1252747252747	-0.61264957264957
0.05715	1.1252747252747	-0.43760683760684
0.0572	0.62515262515263	-0.41260073260073
0.05725	0.87521367521368	-0.062515262515263
0.0573	0.62515262515263	0.21255189255189
0.05735	0.62515262515263	0.68766788766789
0.0574	0.87521367521368	1.1127716727717
0.05745	1.1252747252747	1.0127472527473
0.0575	1.1252747252747	0.86271062271062
0.05755	0.87521367521368	0.46261294261294
0.0576	1.1252747252747	-0.037509157509158
0.05765	1.1252747252747	-0.13753357753358
0.0577	0.62515262515263	-0.43760683760684
0.05775	0.12503052503053	-0.28757020757021
0.0578	0.62515262515263	-0.41260073260073
0.05785	1.1252747252747	-0.61264957264957
0.0579	0.87521367521368	-0.86271062271062
0.05795	1.1252747252747	-1.2378021978022
0.058	0.87521367521368	-1.6879120879121
0.05805	1.1252747252747	-2.388083028083
0.0581	0.87521367521368	-2.863199023199
0.05815	0.62515262515263	-3.4133333333333
0.0582	1.1252747252747	-4.0884981684982
0.05825	1.3753357753358	-4.0634920634921
0.0583	0.87521367521368	-4.0634920634921
0.05835	0.62515262515263	-3.6884004884005
0.0584	0.62515262515263	-3.1382661782662
0.05845	0.62515262515263	-2.7881807081807
0.0585	0.62515262515263	-2.4130891330891
0.05855	1.1252747252747	-2.4130891330891
0.0586	0.62515262515263	-2.1630280830281
0.05865	0.62515262515263	-1.9879853479853
0.0587	0.37509157509158	-1.5878876678877
0.05875	0.62515262515263	-0.91272283272283
0.0588	0.87521367521368	-0.43760683760684
0.05885	0.62515262515263	0.48761904761905
0.0589	0.87521367521368	1.0127472527473
0.05895	1.1252747252747	1.2878144078144
0.059	1.1252747252747	1.8129426129426
0.05905	0.62515262515263	1.8879609279609
0.0591	0.87521367521368	2.1630280830281
0.05915	0.87521367521368	2.0630036630037
0.0592	1.1252747252747	2.0379975579976
0.05925	0.62515262515263	2.0880097680098
0.0593	1.1252747252747	2.138021978022
0.05935	0.62515262515263	2.4881074481074
0.0594	0.87521367521368	2.613137973138
0.05945	0.87521367521368	2.8882051282051
0.0595	0.87521367521368	2.8882051282051
0.05955	0.37509157509158	2.388083028083
0.0596	0.87521367521368	1.9629792429792
0.05965	1.1252747252747	1.0627594627595
0.0597	1.3753357753358	0.7626862026862
0.05975	0.37509157509158	0.46261294261294
0.0598	0.87521367521368	0.2625641025641
0.05985	0.87521367521368	0.31257631257631
0.0599	0.37509157509158	0.31257631257631
0.05995	0.87521367521368	0.46261294261294
0.06	0.87521367521368	0.38759462759463
0.06005	0.62515262515263	0.43760683760684
0.0601	0.62515262515263	0.63765567765568
0.06015	0.62515262515263	0.43760683760684
0.0602	0.87521367521368	0.83770451770452
0.06025	0.62515262515263	0.93772893772894
0.0603	0.62515262515263	1.3128205128205
0.06035	0.62515262515263	1.8629548229548
0.0604	1.1252747252747	2.3380708180708
0.06045	0.87521367521368	3.0382417582418
0.0605	1.3753357753358	3.5133577533578
0.06055	1.1252747252747	3.7884249084249
0.0606	0.87521367521368	3.813431013431
0.06065	0.87521367521368	3.6133821733822
0.0607	0.87521367521368	3.4883516483516
0.06075	0.87521367521368	3.1132600732601
0.0608	0.87521367521368	3.3633211233211
0.06085	0.62515262515263	3.3633211233211
0.0609	0.62515262515263	3.4133333333333
0.06095	0.62515262515263	3.5133577533578
0.061	0.87521367521368	3.2382905982906
0.06105	0.62515262515263	3.0382417582418
0.0611	0.87521367521368	2.5881318681319
0.06115	0.62515262515263	1.9879853479853
0.0612	0.37509157509158	1.5128693528694
0.06125	0.87521367521368	0.66266178266178
0.0613	0.87521367521368	0.2625641025641
0.06135	0.62515262515263	-0.53763125763126
0.0614	0.87521367521368	-0.7376800976801
0.06145	0.87521367521368	-1.0877655677656
0.0615	0.62515262515263	-1.3628327228327
0.06155	0.87521367521368	-1.4628571428571
0.0616	0.37509157509158	-1.9629792429792
0.06165	0.62515262515263	-2.3380708180708
0.0617	1.1252747252747	-2.7631746031746
0.06175	1.1252747252747	-3.1632722832723
0.0618	0.87521367521368	-2.9882295482295
0.06185	0.87521367521368	-2.8882051282051
0.0619	0.87521367521368	-2.2880586080586
0.06195	0.87521367521368	-1.8629548229548
0.062	0.87521367521368	-1.3128205128205
0.06205	1.1252747252747	-0.86271062271062
0.0621	1.1252747252747	-0.78769230769231
0.06215	0.62515262515263	-0.46261294261294
0.0622	0.62515262515263	-0.51262515262515
0.06225	1.1252747252747	-0.48761904761905
0.0623	1.3753357753358	-0.46261294261294
0.06235	0.62515262515263	-0.38759462759463
0.0624	0.87521367521368	-0.13753357753358
0.06245	0.87521367521368	-0.062515262515263
0.0625	0.87521367521368	0.237557997558
0.06255	1.1252747252747	0.33758241758242
0.0626	1.1252747252747	0.28757020757021
0.06265	0.87521367521368	0.237557997558
0.0627	1.1252747252747	-0.31257631257631
0.06275	1.1252747252747	-0.66266178266178
0.0628	1.1252747252747	-1.18778998779
0.06285	1.1252747252747	-1.4878632478632
0.0629	0.87521367521368	-1.4878632478632
0.06295	0.62515262515263	-1.662905982906
0.063	1.1252747252747	-1.5878876678877
0.06305	0.87521367521368	-1.7379242979243
0.0631	1.1252747252747	-2.0129914529915
0.06315	0.87521367521368	-2.2880586080586
0.0632	0.62515262515263	-2.7131623931624
0.06325	0.87521367521368	-2.863199023199
0.0633	1.1252747252747	-3.1132600732601
0.06335	0.62515262515263	-2.9132112332112
0.0634	0.62515262515263	-2.7631746031746
0.06345	0.62515262515263	-1.7129181929182
0.0635	0.87521367521368	-1.2878144078144
0.06355	0.87521367521368	-0.83770451770452
0.0636	0.87521367521368	-0.13753357753358
0.06365	1.1252747252747	0.237557997558
0.0637	1.1252747252747	0.56263736263736
0.06375	1.1252747252747	0.93772893772894
0.0638	1.1252747252747	1.1127716727717
0.06385	1.1252747252747	1.5128693528694
0.0639	1.3753357753358	1.8379487179487
0.06395	1.1252747252747	2.4631013431013
0.064	0.62515262515263	3.1132600732601
0.06405	0.62515262515263	3.4633455433455
0.0641	0.62515262515263	3.7884249084249
0.06415	0.87521367521368	3.813431013431
0.0642	0.62515262515263	3.6383882783883
0.06425	0.87521367521368	3.5383638583639
0.0643	0.87521367521368	3.1632722832723
0.06435	1.3753357753358	3.0632478632479
0.0644	0.37509157509158	2.8381929181929
0.06445	0.87521367521368	2.7631746031746
0.0645	0.87521367521368	2.613137973138
0.06455	1.1252747252747	2.5881318681319
0.0646	0.87521367521368	2.5131135531136
0.06465	0.87521367521368	2.2880586080586
0.0647	0.62515262515263	2.0129914529915
0.06475	0.62515262515263	1.5128693528694
0.0648	1.3753357753358	0.83770451770452
0.06485	1.1252747252747	0.46261294261294
0.0649	0.87521367521368	-0.012503052503053
0.06495	0.87521367521368	0.012503052503053
0.065	0.87521367521368	0.062515262515263
0.06505	1.6253968253968	0.31257631257631
0.0651	0.62515262515263	0.63765567765568
0.06515	0.87521367521368	0.86271062271062
0.0652	1.1252747252747	1.0627594627595
0.06525	1.3753357753358	1.0627594627595
0.0653	0.87521367521368	1.3128205128205
0.06535	0.87521367521368	1.5628815628816
0.0654	0.62515262515263	1.662905982906
0.06545	0.87521367521368	2.1630280830281
0.0655	0.87521367521368	2.388083028083
0.06555	0.87521367521368	2.7881807081807
0.0656	0.62515262515263	3.0632478632479
0.06565	0.87521367521368	3.1632722832723
0.0657	1.1252747252747	3.2632967032967
0.06575	0.87521367521368	3.0132356532357
0.0658	0.87521367521368	2.7631746031746
0.06585	0.62515262515263	2.2130402930403
0.0659	0.87521367521368	1.7129181929182
0.06595	1.1252747252747	1.4128449328449
0.066	0.87521367521368	1.0377533577534
0.06605	0.62515262515263	1.0627594627595
0.0661	1.1252747252747	0.7626862026862
0.06615	-0.12503052503053	0.53763125763126
0.0662	1.1252747252747	0.16253968253968
0.06625	1.1252747252747	-0.58764346764347
0.0663	0.87521367521368	-0.93772893772894
0.06635	0.62515262515263	-1.662905982906
0.0664	0.62515262515263	-2.2130402930403
0.06645	0.87521367521368	-2.6381440781441
0.0665	0.87521367521368	-3.0382417582418
0.06655	1.1252747252747	-3.1382661782662
0.0666	0.87521367521368	-3.4383394383394
0.06665	1.1252747252747	-3.2132844932845
0.0667	1.1252747252747	-3.1882783882784
0.06675	1.1252747252747	-3.1882783882784
0.0668	0.62515262515263	-3.0132356532357
0.06685	0.87521367521368	-3.1382661782662
0.0669	1.3753357753358	-2.9882295482295
0.06695	1.3753357753358	-2.7381684981685
0.067	0.62515262515263	-2.3380708180708
0.06705	0.12503052503053	-1.8129426129426
0.0671	1.1252747252747	-1.1627838827839
0.06715	0.62515262515263	-0.38759462759463
0.0672	0.87521367521368	-0.037509157509158
0.06725	0.62515262515263	0.28757020757021
0.0673	0.37509157509158	0.38759462759463
0.06735	0.87521367521368	0.18754578754579
0.0674	1.1252747252747	0.21255189255189
0.06745	1.6253968253968	0.037509157509158
0.0675	0.87521367521368	0.16253968253968
0.06755	0.87521367521368	0.16253968253968
0.0676	0.62515262515263	0.16253968253968
0.06765	0.62515262515263	0.237557997558
0.0677	0.87521367521368	0.16253968253968
0.06775	1.1252747252747	0.11252747252747
0.0678	1.1252747252747	-0.087521367521368
0.06785	0.87521367521368	-0.36258852258852
0.0679	0.37509157509158	-0.63765567765568
0.06795	0.62515262515263	-1.18778998779
0.068	0.62515262515263	-1.2878144078144
0.06805	1.1252747252747	-1.5378754578755
0.0681	0.87521367521368	-1.437851037851
0.06815	-0.37509157509158	-1.2127960927961
0.0682	0.62515262515263	-1.1627838827839
0.06825	0.62515262515263	-1.0627594627595
0.0683	0.37509157509158	-1.1127716727717
0.06835	0.62515262515263	-1.1627838827839
0.0684	1.1252747252747	-1.1377777777778
0.06845	1.1252747252747	-0.98774114774115
0.0685	0.62515262515263	-0.53763125763126
0.06855	0.37509157509158	-0.18754578754579
0.0686	-0.12503052503053	0.53763125763126
0.06865	1.1252747252747	1.2127960927961
0.0687	0.87521367521368	1.8879609279609
0.06875	1.1252747252747	2.613137973138
0.0688	0.62515262515263	3.088253968254
0.06885	0.37509157509158	3.4633455433455
0.0689	0.87521367521368	3.6884004884005
0.06895	1.1252747252747	3.6884004884005
0.069	1.1252747252747	3.8634432234432
0.06905	0.87521367521368	3.8384371184371
0.0691	0.62515262515263	4.0634920634921
0.06915	0.62515262515263	4.038485958486
0.0692	0.62515262515263	4.2635409035409
0.06925	0.87521367521368	4.2385347985348
0.0693	1.1252747252747	3.9384615384615
0.06935	0.12503052503053	3.6633943833944
0.0694	0.87521367521368	3.1382661782662
0.06945	0.37509157509158	2.6881562881563
0.0695	0.37509157509158	2.2380463980464
0.06955	0.87521367521368	1.8379487179487
0.0696	1.1252747252747	1.6378998778999
0.06965	1.1252747252747	1.4128449328449
0.0697	1.1252747252747	1.2878144078144
0.06975	0.87521367521368	1.0127472527473
0.0698	0.62515262515263	0.78769230769231
0.06985	0.37509157509158	0.56263736263736
0.0699	1.1252747252747	0.062515262515263
0.06995	0.87521367521368	-0.11252747252747
0.07	0.37509157509158	-0.46261294261294
0.07005	-0.37509157509158	-0.63765567765568
0.0701	0.87521367521368	-0.58764346764347
0.07015	0.87521367521368	-0.48761904761905
0.0702	0.87521367521368	-0.012503052503053
0.07025	0.87521367521368	0.38759462759463
0.0703	1.1252747252747	0.78769230769231
0.07035	0.62515262515263	1.0877655677656
0.0704	0.87521367521368	1.1627838827839
0.07045	0.87521367521368	1.3378266178266
0.0705	1.1252747252747	1.2878144078144
0.07055	0.62515262515263	1.437851037851
0.0706	0.62515262515263	1.5628815628816
0.07065	1.1252747252747	1.6378998778999
0.0707	1.1252747252747	1.8129426129426
0.07075	1.1252747252747	1.7129181929182
0.0708	0.87521367521368	1.6128937728938
0.07085	1.1252747252747	1.3628327228327
0.0709	0.87521367521368	0.93772893772894
0.07095	1.1252747252747	0.46261294261294
0.071	0.62515262515263	-0.13753357753358
0.07105	1.1252747252747	-0.61264957264957
0.0711	0.87521367521368	-1.1377777777778
0.07115	0.87521367521368	-1.4878632478632
0.0712	0.87521367521368	-1.6879120879121
0.07125	1.1252747252747	-1.8879609279609
0.0713	0.62515262515263	-1.9879853479853
0.07135	1.1252747252747	-2.3130647130647
0.0714	0.62515262515263	-2.5881318681319
0.07145	0.62515262515263	-2.9882295482295
0.0715	0.87521367521368	-3.4883516483516
0.07155	1.3753357753358	-3.7384126984127
0.0716	1.1252747252747	-3.9384615384615
0.07165	0.87521367521368	-3.7884249084249
0.0717	0.62515262515263	-3.6383882783883
0.07175	0.87521367521368	-3.338315018315
0.0718	0.87521367521368	-2.9382173382173
0.07185	1.1252747252747	-2.6381440781441
0.0719	1.3753357753358	-2.2380463980464
0.07195	1.1252747252747	-1.8879609279609
0.072	0.62515262515263	-1.4878632478632
0.07205	0.37509157509158	-1.0877655677656
0.0721	0.87521367521368	-0.83770451770452
0.07215	0.87521367521368	-0.237557997558
0.0722	0.87521367521368	0.18754578754579
0.07225	0.37509157509158	0.78769230769231
0.0723	0.62515262515263	1.2127960927961
0.07235	0.62515262515263	1.5878876678877
0.0724	0.62515262515263	1.7629304029304
0.07245	0.87521367521368	1.6128937728938
0.0725	0.87521367521368	1.4878632478632
0.07255	1.6253968253968	1.1377777777778
0.0726	1.1252747252747	0.91272283272283
0.07265	0.62515262515263	0.86271062271062
0.0727	1.1252747252747	0.61264957264957
0.07275	0.62515262515263	0.68766788766789
0.0728	0.87521367521368	0.63765567765568
0.07285	0.87521367521368	0.56263736263736
0.0729	1.1252747252747	0.46261294261294
0.07295	1.1252747252747	0.2625641025641
0.073	0.87521367521368	0.11252747252747
0.07305	0.62515262515263	-0.13753357753358
0.0731	1.1252747252747	-0.28757020757021
0.07315	1.1252747252747	-0.41260073260073
0.0732	1.3753357753358	-0.48761904761905
0.07325	1.1252747252747	-0.21255189255189
0.0733	0.37509157509158	-0.012503052503053
0.07335	0.37509157509158	0.31257631257631
0.0734	0.87521367521368	0.61264957264957
0.07345	0.87521367521368	0.7626862026862
0.0735	1.1252747252747	1.0377533577534
0.07355	1.1252747252747	1.18778998779
0.0736	0.87521367521368	1.4878632478632
0.07365	1.1252747252747	1.8129426129426
0.0737	1.3753357753358	2.3380708180708
0.07375	0.62515262515263	2.9882295482295
0.0738	0.62515262515263	3.4633455433455
0.07385	0.62515262515263	4.038485958486
0.0739	1.1252747252747	4.3635653235653
0.07395	0.87521367521368	4.4885958485958
0.074	1.1252747252747	4.6636385836386
0.07405	0.87521367521368	4.3635653235653
0.0741	1.1252747252747	4.2635409035409
0.07415	0.62515262515263	3.9634676434676
0.0742	0.62515262515263	3.6633943833944
0.07425	0.62515262515263	3.3633211233211
0.0743	0.87521367521368	3.0382417582418
0.07435	0.87521367521368	2.863199023199
0.0744	1.1252747252747	2.4631013431013
0.07445	1.1252747252747	2.1880341880342
0.0745	1.1252747252747	1.662905982906
0.07455	0.87521367521368	1.0877655677656
0.0746	1.3753357753358	0.61264957264957
0.07465	1.1252747252747	0.012503052503053
0.0747	1.1252747252747	-0.31257631257631
0.07475	1.1252747252747	-0.53763125763126
0.0748	0.62515262515263	-0.61264957264957
0.07485	0.87521367521368	-0.71267399267399
0.0749	0.62515262515263	-0.81269841269841
0.07495	0.87521367521368	-0.86271062271062
0.075	0.62515262515263	-1.0627594627595
0.07505	0.62515262515263	-1.2127960927961
0.0751	0.87521367521368	-1.3128205128205
0.07515	1.1252747252747	-1.437851037851
0.0752	1.3753357753358	-1.2378021978022
0.07525	0.37509157509158	-1.1377777777778
0.0753	1.1252747252747	-0.78769230769231
0.07535	1.1252747252747	-0.36258852258852
0.0754	1.1252747252747	0.012503052503053
0.07545	0.87521367521368	0.46261294261294
0.0755	1.1252747252747	0.66266178266178
0.07555	0.62515262515263	0.88771672771673
0.0756	0.87521367521368	0.7626862026862
0.07565	1.1252747252747	0.58764346764347
0.0757	1.3753357753358	0.51262515262515
0.07575	0.62515262515263	0.33758241758242
0.0758	1.1252747252747	0.31257631257631
0.07585	0.87521367521368	0.11252747252747
0.0759	1.1252747252747	-0.037509157509158
0.07595	1.1252747252747	-0.28757020757021
0.076	0.87521367521368	-0.7376800976801
0.07605	0.37509157509158	-1.1127716727717
0.0761	0.62515262515263	-1.6378998778999
0.07615	0.87521367521368	-2.0880097680098
0.0762	0.87521367521368	-2.5131135531136
0.07625	0.87521367521368	-2.8381929181929
0.0763	0.87521367521368	-2.9382173382173
0.07635	1.1252747252747	-3.088253968254
0.0764	0.62515262515263	-2.9882295482295
0.07645	0.62515262515263	-2.9382173382173
0.0765	0.87521367521368	-2.9382173382173
0.07655	0.62515262515263	-2.8131868131868
0.0766	0.37509157509158	-2.9132112332112
0.07665	0.87521367521368	-2.9382173382173
0.0767	0.62515262515263	-2.8882051282051
0.07675	0.87521367521368	-2.7381684981685
0.0768	0.87521367521368	-2.3380708180708
0.07685	0.87521367521368	-1.912967032967
0.0769	0.87521367521368	-1.3128205128205
0.07695	0.87521367521368	-0.7376800976801
0.077	0.87521367521368	-0.11252747252747
0.07705	1.3753357753358	0.36258852258852
0.0771	1.1252747252747	0.71267399267399
0.07715	1.1252747252747	1.2127960927961
0.0772	0.87521367521368	1.4128449328449
0.07725	1.1252747252747	1.8129426129426
0.0773	1.1252747252747	2.138021978022
0.07735	0.87521367521368	2.388083028083
0.0774	0.87521367521368	2.6631501831502
0.07745	0.87521367521368	2.7881807081807
0.0775	0.37509157509158	2.9132112332112
0.07755	1.1252747252747	2.7881807081807
0.0776	1.1252747252747	2.5131135531136
0.07765	0.62515262515263	2.2880586080586
0.0777	0.87521367521368	1.7379242979243
0.07775	0.87521367521368	1.4878632478632
0.0778	1.1252747252747	1.1127716727717
0.07785	0.87521367521368	0.96273504273504
0.0779	1.1252747252747	0.96273504273504
0.07795	0.62515262515263	0.91272283272283
0.078	1.1252747252747	0.91272283272283
0.07805	1.3753357753358	0.86271062271062
0.0781	1.1252747252747	0.83770451770452
0.07815	0.62515262515263	0.71267399267399
0.0782	0.62515262515263	0.51262515262515
0.07825	1.1252747252747	0.58764346764347
0.0783	1.1252747252747	0.53763125763126
0.07835	1.1252747252747	0.7626862026862
0.0784	1.1252747252747	0.96273504273504
0.07845	0.87521367521368	1.2878144078144
0.0785	0.87521367521368	1.662905982906
0.07855	1.1252747252747	1.9379731379731
0.0786	0.87521367521368	2.3130647130647
0.07865	0.87521367521368	2.5881318681319
0.0787	0.62515262515263	2.7381684981685
0.07875	0.62515262515263	2.9382173382173
0.0788	1.1252747252747	3.0382417582418
0.07885	0.62515262515263	3.4133333333333
0.0789	0.87521367521368	3.56336996337
0.07895	0.62515262515263	3.8884493284493
0.079	0.62515262515263	4.038485958486
0.07905	0.87521367521368	3.9634676434676
0.0791	1.1252747252747	3.7884249084249
0.07915	1.6253968253968	3.3883272283272
0.0792	0.87521367521368	2.9632234432234
0.07925	1.1252747252747	2.4631013431013
0.0793	0.87521367521368	1.8379487179487
0.07935	0.62515262515263	1.3878388278388
0.0794	0.62515262515263	0.7626862026862
0.07945	1.1252747252747	0.36258852258852
0.0795	0.62515262515263	-0.012503052503053
0.07955	1.1252747252747	-0.36258852258852
0.0796	0.62515262515263	-0.63765567765568
0.07965	0.87521367521368	-1.0877655677656
0.0797	0.87521367521368	-1.3628327228327
0.07975	0.62515262515263	-1.7879365079365
0.0798	0.62515262515263	-2.1130158730159
0.07985	1.1252747252747	-2.2380463980464
0.0799	0.87521367521368	-2.4130891330891
0.07995	1.1252747252747	-2.2880586080586
0.08	1.1252747252747	-2.1880341880342
0.08005	1.1252747252747	-2.0379975579976
0.0801	1.1252747252747	-1.8129426129426
0.08015	0.37509157509158	-1.6378998778999
0.0802	0.62515262515263	-1.6879120879121
0.08025	0.87521367521368	-1.662905982906
0.0803	1.1252747252747	-1.4878632478632
0.08035	1.1252747252747	-1.2878144078144
0.0804	0.87521367521368	-0.98774114774115
0.08045	0.87521367521368	-0.58764346764347
0.0805	0.37509157509158	-0.31257631257631
0.08055	0.37509157509158	0.087521367521368
0.0806	0.87521367521368	0.36258852258852
0.08065	1.3753357753358	0.41260073260073
0.0807	1.1252747252747	0.46261294261294
0.08075	1.1252747252747	0.28757020757021
0.0808	1.1252747252747	0.11252747252747
0.08085	0.37509157509158	-0.237557997558
0.0809	0.87521367521368	-0.53763125763126
0.08095	1.1252747252747	-0.7626862026862
0.081	0.87521367521368	-1.0127472527473
0.08105	0.62515262515263	-1.1377777777778
0.0811	0.62515262515263	-1.4128449328449
0.08115	0.87521367521368	-1.7379242979243
0.0812	1.3753357753358	-1.9879853479853
0.08125	1.1252747252747	-2.3380708180708
0.0813	0.87521367521368	-2.4881074481074
0.08135	0.87521367521368	-2.7131623931624
0.0814	0.87521367521368	-2.6631501831502
0.08145	0.87521367521368	-2.5631257631258
0.0815	0.87521367521368	-2.3380708180708
0.08155	0.87521367521368	-2.0630036630037
0.0816	0.62515262515263	-1.7629304029304
0.08165	1.3753357753358	-1.437851037851
0.0817	0.87521367521368	-1.1127716727717
0.08175	1.1252747252747	-0.96273504273504
0.0818	1.1252747252747	-0.53763125763126
0.08185	0.87521367521368	-0.33758241758242
0.0819	0.37509157509158	0.087521367521368
0.08195	0.62515262515263	0.43760683760684
0.082	0.87521367521368	1.0627594627595
0.08205	0.62515262515263	1.662905982906
0.0821	1.1252747252747	2.138021978022
0.08215	0.87521367521368	2.6881562881563
0.0822	1.1252747252747	3.0632478632479
0.08225	0.62515262515263	3.3883272283272
0.0823	0.62515262515263	3.56336996337
0.08235	0.87521367521368	3.5133577533578
0.0824	0.87521367521368	3.6383882783883
0.08245	0.87521367521368	3.56336996337
0.0825	0.87521367521368	3.5883760683761
0.08255	0.62515262515263	3.4133333333333
0.0826	1.3753357753358	3.2382905982906
0.08265	0.62515262515263	3.0632478632479
0.0827	0.87521367521368	2.6881562881563
0.08275	1.1252747252747	2.3130647130647
0.0828	0.87521367521368	1.8879609279609
0.08285	1.1252747252747	1.437851037851
0.0829	1.1252747252747	1.0627594627595
0.08295	1.3753357753358	0.7376800976801
0.083	0.62515262515263	0.71267399267399
0.08305	0.87521367521368	0.61264957264957
0.0831	0.37509157509158	0.71267399267399
0.08315	0.87521367521368	0.86271062271062
0.0832	0.62515262515263	0.86271062271062
0.08325	0.87521367521368	0.86271062271062
0.0833	0.87521367521368	0.91272283272283
0.08335	1.1252747252747	0.91272283272283
0.0834	0.62515262515263	0.98774114774115
0.08345	0.62515262515263	1.0377533577534
0.0835	0.62515262515263	1.2628083028083
0.08355	1.1252747252747	1.437851037851
0.0836	1.1252747252747	1.7879365079365
0.08365	0.62515262515263	2.0379975579976
0.0837	0.12503052503053	2.3380708180708
0.08375	0.37509157509158	2.5631257631258
0.0838	1.3753357753358	2.5381196581197
0.08385	1.1252747252747	2.613137973138
0.0839	0.62515262515263	2.613137973138
0.08395	0.37509157509158	2.4881074481074
0.084	1.1252747252747	2.4130891330891
0.08405	0.62515262515263	2.3380708180708
0.0841	1.1252747252747	2.2380463980464
0.08415	1.1252747252747	1.9629792429792
0.0842	0.62515262515263	1.7879365079365
0.08425	0.87521367521368	1.2628083028083
0.0843	1.3753357753358	0.66266178266178
0.08435	1.1252747252747	0.11252747252747
0.0844	0.87521367521368	-0.53763125763126
0.08445	0.62515262515263	-1.1127716727717
0.0845	0.62515262515263	-1.6879120879121
0.08455	0.62515262515263	-2.1130158730159
0.0846	0.87521367521368	-2.388083028083
0.08465	0.87521367521368	-2.5881318681319
0.0847	0.87521367521368	-2.7381684981685
0.08475	0.62515262515263	-2.8381929181929
0.0848	0.37509157509158	-2.8882051282051
0.08485	0.62515262515263	-2.9632234432234
0.0849	0.62515262515263	-3.088253968254
0.08495	1.1252747252747	-3.0132356532357
0.085	0.87521367521368	-2.9632234432234
0.08505	0.87521367521368	-2.863199023199
0.0851	0.87521367521368	-2.4881074481074
0.08515	1.1252747252747	-2.2380463980464
0.0852	1.1252747252747	-1.7879365079365
0.08525	0.62515262515263	-1.437851037851
0.0853	1.3753357753358	-1.18778998779
0.08535	0.87521367521368	-0.93772893772894
0.0854	0.62515262515263	-0.7376800976801
0.08545	-0.12503052503053	-0.48761904761905
0.0855	0.62515262515263	-0.43760683760684
0.08555	1.1252747252747	0.012503052503053
0.0856	0.87521367521368	0.16253968253968
0.08565	0.62515262515263	0.46261294261294
0.0857	0.62515262515263	0.68766788766789
0.08575	0.62515262515263	0.7376800976801
0.0858	1.1252747252747	0.68766788766789
0.08585	1.3753357753358	0.53763125763126
0.0859	1.1252747252747	0.28757020757021
0.08595	0.87521367521368	-0.037509157509158
0.086	0.87521367521368	-0.41260073260073
0.08605	0.87521367521368	-0.66266178266178
0.0861	0.62515262515263	-1.0127472527473
0.08615	0.62515262515263	-1.1377777777778
0.0862	0.62515262515263	-1.2127960927961
0.08625	1.1252747252747	-1.3378266178266
0.0863	0.87521367521368	-1.3128205128205
0.08635	1.1252747252747	-1.3878388278388
0.0864	0.37509157509158	-1.3128205128205
0.08645	0.87521367521368	-1.3378266178266
0.0865	0.87521367521368	-1.2628083028083
0.08655	0.62515262515263	-0.93772893772894
0.0866	0.62515262515263	-0.61264957264957
0.08665	0.62515262515263	-0.13753357753358
0.0867	1.1252747252747	0.21255189255189
0.08675	1.3753357753358	0.71267399267399
0.0868	1.1252747252747	1.1127716727717
0.08685	0.87521367521368	1.5128693528694
0.0869	1.1252747252747	1.8879609279609
0.08695	1.1252747252747	2.1630280830281
0.087	0.87521367521368	2.5131135531136
0.08705	1.1252747252747	2.7631746031746
0.0871	0.62515262515263	3.0382417582418
0.08715	0.87521367521368	3.4383394383394
0.0872	1.1252747252747	3.7134065934066
0.08725	0.87521367521368	4.0634920634921
0.0873	0.87521367521368	4.2635409035409
0.08735	0.87521367521368	4.3385592185592
0.0874	0.87521367521368	4.3135531135531
0.08745	0.87521367521368	4.038485958486
0.0875	1.3753357753358	3.813431013431
0.08755	0.87521367521368	3.4383394383394
0.0876	1.1252747252747	3.1132600732601
0.08765	0.37509157509158	2.8131868131868
0.0877	0.62515262515263	2.4380952380952
0.08775	0.62515262515263	2.138021978022
0.0878	0.62515262515263	1.7129181929182
0.08785	1.1252747252747	1.2628083028083
0.0879	1.1252747252747	0.86271062271062
0.08795	1.1252747252747	0.41260073260073
0.088	0.62515262515263	0.28757020757021
0.08805	0.62515262515263	-0.062515262515263
0.0881	0.62515262515263	-0.21255189255189
0.08815	0.87521367521368	-0.21255189255189
0.0882	0.87521367521368	-0.18754578754579
0.08825	0.87521367521368	0.037509157509158
0.0883	0.87521367521368	0.21255189255189
0.08835	0.37509157509158	0.43760683760684
0.0884	0.62515262515263	0.53763125763126
0.08845	1.1252747252747	0.51262515262515
0.0885	1.3753357753358	0.68766788766789
0.08855	1.1252747252747	0.66266178266178
0.0886	1.1252747252747	0.81269841269841
0.08865	1.1252747252747	0.91272283272283
0.0887	0.87521367521368	1.0627594627595
0.08875	1.1252747252747	1.2378021978022
0.0888	0.62515262515263	1.3378266178266
0.08885	0.87521367521368	1.4628571428571
0.0889	1.1252747252747	1.3628327228327
0.08895	0.87521367521368	1.3878388278388
0.089	0.62515262515263	1.2127960927961
0.08905	1.1252747252747	0.88771672771673
0.0891	0.62515262515263	0.71267399267399
0.08915	0.87521367521368	0.38759462759463
0.0892	1.1252747252747	0.087521367521368
0.08925	0.87521367521368	-0.2625641025641
0.0893	0.87521367521368	-0.58764346764347
0.08935	0.62515262515263	-0.93772893772894
0.0894	0.62515262515263	-1.4878632478632
0.08945	1.1252747252747	-1.9629792429792
0.0895	0.87521367521368	-2.4130891330891
0.08955	0.87521367521368	-2.9132112332112
0.0896	0.87521367521368	-3.3133089133089
0.08965	0.87521367521368	-3.7884249084249
0.0897	0.87521367521368	-3.6884004884005
0.08975	0.87521367521368	-3.6633943833944
0.0898	1.1252747252747	-3.56336996337
0.08985	1.1252747252747	-3.2382905982906
0.0899	1.3753357753358	-3.1382661782662
0.08995	1.1252747252747	-2.8131868131868
0.09	0.62515262515263	-2.5631257631258
0.09005	0.87521367521368	-2.2880586080586
0.0901	0.62515262515263	-2.0379975579976
0.09015	0.87521367521368	-1.7879365079365
0.0902	1.1252747252747	-1.3628327228327
0.09025	1.1252747252747	-0.96273504273504
0.0903	1.1252747252747	-0.53763125763126
0.09035	1.1252747252747	-0.13753357753358
0.0904	1.1252747252747	0.18754578754579
0.09045	0.62515262515263	0.56263736263736
0.0905	0.87521367521368	0.78769230769231
0.09055	0.62515262515263	1.0127472527473
0.0906	0.87521367521368	1.0127472527473
0.09065	0.87521367521368	1.0877655677656
0.0907	0.87521367521368	1.2378021978022
0.09075	0.87521367521368	1.2628083028083
0.0908	0.37509157509158	1.3878388278388
0.09085	1.1252747252747	1.3878388278388
0.0909	0.87521367521368	1.3128205128205
0.09095	0.62515262515263	1.2378021978022
0.091	0.62515262515263	0.83770451770452
0.09105	1.1252747252747	0.61264957264957
0.0911	0.87521367521368	0.28757020757021
0.09115	0.87521367521368	-0.11252747252747
0.0912	0.62515262515263	-0.28757020757021
0.09125	0.87521367521368	-0.41260073260073
0.0913	0.37509157509158	-0.38759462759463
0.09135	1.1252747252747	-0.43760683760684
0.0914	1.1252747252747	-0.237557997558
0.09145	0.87521367521368	-0.037509157509158
0.0915	0.62515262515263	0.18754578754579
0.09155	0.62515262515263	0.43760683760684
0.0916	0.87521367521368	0.56263736263736
0.09165	1.1252747252747	0.93772893772894
0.0917	1.1252747252747	1.18778998779
0.09175	0.62515262515263	1.6128937728938
0.0918	1.1252747252747	2.0630036630037
0.09185	0.87521367521368	2.5131135531136
0.0919	0.62515262515263	2.9382173382173
0.09195	1.1252747252747	3.1632722832723
0.092	1.1252747252747	3.4883516483516
0.09205	0.37509157509158	3.7134065934066
0.0921	0.12503052503053	3.7384126984127
0.09215	1.1252747252747	3.7634188034188
0.0922	1.1252747252747	3.7884249084249
0.09225	0.62515262515263	3.8634432234432
0.0923	0.87521367521368	3.8384371184371
0.09235	0.62515262515263	3.8634432234432
0.0924	1.1252747252747	3.813431013431
0.09245	0.62515262515263	3.6133821733822
0.0925	1.1252747252747	3.3883272283272
0.09255	1.1252747252747	3.0382417582418
0.0926	1.1252747252747	2.5131135531136
0.09265	1.1252747252747	2.0379975579976
0.0927	0.62515262515263	1.5128693528694
0.09275	0.87521367521368	1.0377533577534
0.0928	1.1252747252747	0.48761904761905
0.09285	0.87521367521368	0.16253968253968
0.0929	0.62515262515263	-0.18754578754579
0.09295	1.1252747252747	-0.51262515262515
0.093	1.1252747252747	-0.78769230769231
0.09305	1.1252747252747	-1.0627594627595
0.0931	0.62515262515263	-1.18778998779
0.09315	0.62515262515263	-1.3128205128205
0.0932	1.1252747252747	-1.3878388278388
0.09325	0.87521367521368	-1.3378266178266
0.0933	0.12503052503053	-1.18778998779
0.09335	1.1252747252747	-0.93772893772894
0.0934	1.1252747252747	-0.68766788766789
0.09345	0.62515262515263	-0.36258852258852
0.0935	0.62515262515263	-0.11252747252747
0.09355	0.87521367521368	0.012503052503053
0.0936	0.87521367521368	0.16253968253968
0.09365	0.62515262515263	0.18754578754579
0.0937	0.62515262515263	0.21255189255189
0.09375	0.87521367521368	0.21255189255189
0.0938	1.1252747252747	0.16253968253968
0.09385	0.87521367521368	0.16253968253968
0.0939	0.87521367521368	0.237557997558
0.09395	0.87521367521368	0.237557997558
0.094	1.1252747252747	0.237557997558
0.09405	1.1252747252747	0.037509157509158
0.0941	1.1252747252747	-0.16253968253968
0.09415	0.87521367521368	-0.46261294261294
0.0942	1.1252747252747	-0.78769230769231
0.09425	1.1252747252747	-1.1377777777778
0.0943	1.1252747252747	-1.4878632478632
0.09435	1.1252747252747	-1.7629304029304
0.0944	0.87521367521368	-2.0880097680098
0.09445	0.37509157509158	-2.3130647130647
0.0945	0.62515262515263	-2.613137973138
0.09455	0.87521367521368	-2.9382173382173
0.0946	0.62515262515263	-2.9882295482295
0.09465	0.62515262515263	-3.2382905982906
0.0947	0.87521367521368	-3.338315018315
0.09475	0.87521367521368	-3.3633211233211
0.0948	0.87521367521368	-3.2632967032967
0.09485	0.62515262515263	-2.9882295482295
0.0949	1.1252747252747	-2.6631501831502
0.09495	0.62515262515263	-2.138021978022
0.095	0.62515262515263	-1.7129181929182
0.09505	0.87521367521368	-1.18778998779
0.0951	1.1252747252747	-0.7626862026862
0.09515	0.62515262515263	-0.28757020757021
0.0952	0.87521367521368	0.062515262515263
0.09525	0.87521367521368	0.38759462759463
0.0953	0.37509157509158	0.7626862026862
0.09535	0.87521367521368	1.0877655677656
0.0954	1.1252747252747	1.4128449328449
0.09545	0.62515262515263	1.7379242979243
0.0955	0.62515262515263	2.0129914529915
0.09555	1.1252747252747	2.2130402930403
0.0956	1.6253968253968	2.3380708180708
0.09565	1.1252747252747	2.4380952380952
0.0957	0.87521367521368	2.4881074481074
0.09575	0.37509157509158	2.388083028083
0.0958	0.87521367521368	2.3130647130647
0.09585	0.87521367521368	2.138021978022
0.0959	1.1252747252747	2.0379975579976
0.09595	1.1252747252747	1.8879609279609
0.096	0.87521367521368	1.7629304029304
0.09605	0.62515262515263	1.662905982906
0.0961	0.37509157509158	1.4128449328449
0.09615	0.87521367521368	1.1377777777778
0.0962	0.87521367521368	0.83770451770452
0.09625	1.1252747252747	0.53763125763126
0.0963	0.62515262515263	0.38759462759463
0.09635	0.87521367521368	0.237557997558
0.0964	0.87521367521368	0.31257631257631
0.09645	0.62515262515263	0.43760683760684
0.0965	1.1252747252747	0.66266178266178
0.09655	0.62515262515263	0.96273504273504
0.0966	0.62515262515263	1.3378266178266
0.09665	0.37509157509158	1.6128937728938
0.0967	0.62515262515263	1.8879609279609
0.09675	0.62515262515263	2.6631501831502
0.0968	0.62515262515263	2.9382173382173
0.09685	1.1252747252747	3.1382661782662
0.0969	1.3753357753358	3.3633211233211
0.09695	0.62515262515263	3.56336996337
0.097	0.62515262515263	3.6133821733822
0.09705	0.87521367521368	3.5383638583639
0.0971	0.87521367521368	3.4133333333333
0.09715	0.37509157509158	3.2883028083028
0.0972	-0.62515262515263	2.9882295482295
0.09725	0.62515262515263	2.7131623931624
0.0973	0.62515262515263	2.5131135531136
0.09735	0.62515262515263	2.1630280830281
0.0974	0.37509157509158	1.912967032967
0.09745	0.87521367521368	1.4628571428571
0.0975	1.1252747252747	1.1127716727717
0.09755	1.1252747252747	0.7626862026862
0.0976	0.62515262515263	0.33758241758242
0.09765	0.87521367521368	-0.18754578754579
0.0977	0.62515262515263	-0.7626862026862
0.09775	1.1252747252747	-1.2378021978022
0.0978	0.87521367521368	-1.6378998778999
0.09785	1.1252747252747	-1.9879853479853
0.0979	0.62515262515263	-2.1880341880342
0.09795	1.1252747252747	-2.3630769230769
0.098	1.1252747252747	-2.388083028083
0.09805	1.1252747252747	-2.388083028083
0.0981	0.87521367521368	-2.3130647130647
0.09815	0.37509157509158	-2.2130402930403
0.0982	1.1252747252747	-2.1130158730159
0.09825	1.1252747252747	-1.912967032967
0.0983	0.87521367521368	-1.6879120879121
0.09835	0.62515262515263	-1.3128205128205
0.0984	0.87521367521368	-0.98774114774115
0.09845	1.1252747252747	-0.7376800976801
0.0985	0.87521367521368	-0.43760683760684
0.09855	1.1252747252747	-0.21255189255189
0.0986	0.87521367521368	-0.087521367521368
0.09865	1.1252747252747	-0.062515262515263
0.0987	1.1252747252747	-0.16253968253968
0.09875	1.1252747252747	-0.11252747252747
0.0988	0.62515262515263	-0.21255189255189
0.09885	0.87521367521368	-0.28757020757021
0.0989	0.62515262515263	-0.36258852258852
0.09895	0.87521367521368	-0.46261294261294
0.099	1.1252747252747	-0.53763125763126
0.09905	1.1252747252747	-0.68766788766789
0.0991	0.87521367521368	-0.7626862026862
0.09915	0.87521367521368	-0.98774114774115
0.0992	1.1252747252747	-1.3378266178266
0.09925	1.1252747252747	-1.5378754578755
0.0993	0.62515262515263	-1.7879365079365
0.09935	0.62515262515263	-2.0379975579976
0.0994	0.62515262515263	-2.2130402930403
0.09945	0.87521367521368	-2.3130647130647
0.0995	0.62515262515263	-2.3130647130647
0.09955	0.62515262515263	-2.3130647130647
0.0996	0.62515262515263	-2.2380463980464
0.09965	1.1252747252747	-2.138021978022
0.0997	1.1252747252747	-1.9379731379731
0.09975	0.37509157509158	-1.662905982906
0.0998	0.87521367521368	-1.437851037851
0.09985	0.87521367521368	-0.96273504273504
0.0999	1.1252747252747	-0.53763125763126
0.09995	0.87521367521368	0.037509157509158
0.1	0.37509157509158	0.66266178266178
0.10005	0.87521367521368	1.1627838827839
0.1001	0.87521367521368	1.7629304029304
0.10015	0.37509157509158	2.1880341880342
0.1002	0.62515262515263	2.4130891330891
0.10025	0.87521367521368	2.7131623931624
0.1003	0.12503052503053	2.9632234432234
0.10035	0.62515262515263	3.0632478632479
0.1004	0.87521367521368	3.088253968254
0.10045	0.87521367521368	3.3133089133089
0.1005	1.1252747252747	3.3133089133089
0.10055	0.87521367521368	3.3133089133089
0.1006	0.62515262515263	3.3633211233211
0.10065	0.37509157509158	3.2382905982906
0.1007	0.62515262515263	3.0382417582418
0.10075	1.1252747252747	2.7381684981685
0.1008	1.1252747252747	2.5631257631258
0.10085	0.87521367521368	2.3130647130647
0.1009	1.1252747252747	1.9629792429792
0.10095	0.87521367521368	1.7879365079365
0.101	0.87521367521368	1.5128693528694
0.10105	0.62515262515263	1.3628327228327
0.1011	0.37509157509158	1.18778998779
0.10115	0.87521367521368	0.96273504273504
0.1012	1.1252747252747	0.7626862026862
0.10125	1.1252747252747	0.58764346764347
0.1013	0.87521367521368	0.51262515262515
0.10135	0.62515262515263	0.43760683760684
0.1014	0.87521367521368	0.46261294261294
0.10145	1.1252747252747	0.66266178266178
0.1015	0.87521367521368	0.86271062271062
0.10155	0.87521367521368	1.1627838827839
0.1016	1.1252747252747	1.437851037851
0.10165	1.1252747252747	1.8129426129426
0.1017	0.87521367521368	2.0379975579976
0.10175	1.1252747252747	2.2630525030525
0.1018	0.62515262515263	2.4631013431013
0.10185	1.1252747252747	2.5131135531136
0.1019	0.87521367521368	2.5131135531136
0.10195	0.62515262515263	2.5631257631258
0.102	0.12503052503053	2.5131135531136
0.10205	1.1252747252747	2.4380952380952
0.1021	0.87521367521368	2.2630525030525
0.10215	0.62515262515263	2.138021978022
0.1022	0.37509157509158	1.8379487179487
0.10225	0.87521367521368	1.437851037851
0.1023	1.1252747252747	1.0627594627595
0.10235	0.87521367521368	0.56263736263736
