0.0 0.0
0.0314473739098 0.0314421909191
0.0628947478196 0.0628532900445
0.0943421217294 0.0942022363276
0.125789495639 0.12545803018
0.157236869549 0.156589764129
0.188684243459 0.187566653376
0.220131617369 0.218358066245
0.251578991278 0.248933554467
0.283026365188 0.279262883293
0.314473739098 0.309316061389
0.345921113008 0.339063370495
0.377368486918 0.36847539481
0.408815860828 0.397523050084
0.440263234737 0.426177612372
0.471710608647 0.454410746445
0.503157982557 0.482194533802
0.534605356467 0.509501500284
0.566052730377 0.536304643237
0.597500104286 0.562577458218
0.628947478196 0.588293965201
0.660394852106 0.613428734267
0.691842226016 0.637956910753
0.723289599926 0.66185423983
0.754736973835 0.685097090484
0.786184347745 0.707662478887
0.817631721655 0.729528091122
0.849079095565 0.750672305253
0.880526469475 0.771074212699
0.911973843384 0.790713638915
0.943421217294 0.809571163341
0.974868591204 0.827628138603
1.00631596511 0.844866708956
1.03776333902 0.861269827939
1.06921071293 0.876821275233
1.10065808684 0.891505672698
1.13210546075 0.905308499583
1.16355283466 0.91821610688
1.19500020857 0.930215730829
1.22644758248 0.94129550553
1.25789495639 0.951444474683
1.2893423303 0.960652602422
1.32078970421 0.968910783236
1.35223707812 0.976210850974
1.38368445203 0.982545586923
1.41513182594 0.98790872694
1.44657919985 0.992294967655
1.47802657376 0.995699971707
1.50947394767 0.998120372038
1.54092132158 0.999553775222
1.57236869549 0.999998763829
1.6038160694 0.999454897829
1.63526344331 0.997922715028
1.66671081722 0.995403730534
1.69815819113 0.991900435259
1.72960556504 0.987416293457
1.76105293895 0.981955739298
1.79250031286 0.975524172482
1.82394768677 0.968127952902
1.85539506068 0.959774394353
1.88684243459 0.9504717573
1.9182898085 0.94022924071
1.94973718241 0.929056972954
1.98118455632 0.916966001796
2.01263193023 0.903968283462
2.04407930414 0.890076670822
2.07552667805 0.875304900678
2.10697405196 0.859667580181
2.13842142587 0.843180172386
2.16986879978 0.825858980964
2.20131617369 0.807721134074
2.2327635476 0.788784567433
2.26421092151 0.769068006574
2.29565829542 0.748590948335
2.32710566933 0.727373641573
2.35855304324 0.705437067146
2.39000041715 0.682802917163
2.42144779106 0.659493573536
2.45289516497 0.635532085844
2.48434253887 0.610942148545
2.51578991278 0.585748077542
2.54723728669 0.559974786138
2.5786846606 0.533647760402
2.61013203451 0.506793033968
2.64157940842 0.479437162289
2.67302678233 0.451607196377
2.70447415624 0.423330656057
2.73592153015 0.394635502749
2.76736890406 0.365550111825
2.79881627797 0.336103244542
2.83026365188 0.306324019607
2.86171102579 0.276241884379
2.8931583997 0.245886585754
2.92460577361 0.215288140745
2.95605314752 0.184476806803
2.98750052143 0.153483051896
3.01894789534 0.122337524378
3.05039526925 0.0910710226866
3.08184264316 0.0597144648832
3.11329001707 0.0282988580831
3.14473739098 -0.00314473220774
3.17618476489 -0.0345852128118
3.2076321388 -0.0659914936266
3.23907951271 -0.0973325183683
3.27052688662 -0.128577295282
3.30197426053 -0.159694927788
3.33342163444 -0.190654645033
3.36486900835 -0.221425832322
3.39631638226 -0.251978061385
3.42776375617 -0.282281120474
3.45921113008 -0.312305044231
3.49065850399 -0.342020143326
3.5221058779 -0.371397033808
3.55355325181 -0.400406666168
3.58500062572 -0.429020354062
3.61644799963 -0.457209802679
3.64789537354 -0.484947136717
3.67934274745 -0.512204927953
3.71079012136 -0.53895622236
3.74223749527 -0.565174566765
3.77368486918 -0.590834035006
3.80513224309 -0.615909253567
3.836579617 -0.640375426673
3.86802699091 -0.664208360806
3.89947436482 -0.687384488629
3.93092173873 -0.709880892294
3.96236911264 -0.731675326102
3.99381648655 -0.752746238498
4.02526386046 -0.773072793389
4.05671123437 -0.792634890742
4.08815860828 -0.811413186463
4.11960598218 -0.829389111525
4.15105335609 -0.84654489033
4.18250073 -0.862863558286
4.21394810391 -0.878328978583
4.24539547782 -0.89292585815
4.27684285173 -0.906639762777
4.30829022564 -0.91945713139
4.33973759955 -0.93136528946
4.37118497346 -0.942352461534
4.40263234737 -0.952407782884
4.43407972128 -0.961521310247
4.46552709519 -0.969684031658
4.4969744691 -0.976887875361
4.52842184301 -0.983125717796
4.55986921692 -0.988391390633
4.59131659083 -0.992679686884
4.62276396474 -0.995986366039
4.65421133865 -0.998308158271
4.68565871256 -0.999642767662
4.71710608647 -0.999988874476
4.74855346038 -0.999346136462
4.78000083429 -0.997715189196
4.8114482082 -0.99509764545
4.84289558211 -0.991496093597
4.87434295602 -0.986914095053
4.90579032993 -0.981356180754
4.93723770384 -0.974827846675
4.96868507775 -0.967335548397
5.00013245166 -0.958886694725
5.03157982557 -0.949489640355
5.06302719948 -0.93915367762
5.09447457339 -0.927889027297
5.1259219473 -0.9157068285
5.15736932121 -0.902619127669
5.18881669512 -0.888638866652
5.22026406903 -0.873779869913
5.25171144294 -0.858056830856
5.28315881685 -0.8414852973
5.31460619076 -0.824081656103
5.34605356467 -0.805863116958
5.37750093858 -0.786847695372
5.40894831249 -0.767054194856
5.4403956864 -0.746502188328
5.47184306031 -0.72521199876
5.50329043422 -0.703204679081
5.53473780813 -0.680501991355
5.56618518204 -0.657126385269
5.59763255595 -0.633100975927
5.62907992986 -0.608449520994
5.66052730377 -0.583196397206
5.69197467768 -0.557366576262
5.72342205159 -0.530985600129
5.75486942549 -0.504079555791
5.7863167994 -0.476675049446
5.81776417331 -0.4487991802
5.84921154722 -0.420479513269
5.88065892113 -0.39174405272
5.91210629504 -0.362621213782
5.94355366895 -0.333139794742
5.97500104286 -0.303328948475
6.00644841677 -0.273218153608
6.03789579068 -0.242837185379
6.06934316459 -0.212216086183
6.1007905385 -0.181385135873
6.13223791241 -0.150374821814
6.16368528632 -0.119215808736
6.19513266023 -0.0879389084111
6.22658003414 -0.0565750491838
6.25802740805 -0.0251552453894
6.28947478196 0.00628943331607
6.32092215587 0.0377278926787
6.35236952978 0.0691290445948
6.38381690369 0.100461837852
6.4152642776 0.131695288836
6.44671165151 0.162798512165
6.47815902542 0.193740751237
6.50960639933 0.224491408638
6.54105377324 0.2550200764
6.57250114715 0.285296566074
6.60394852106 0.315290938576
6.63539589497 0.344973533795
6.66684326888 0.374314999924
6.69829064279 0.403286322484
6.7297380167 0.431858853013
6.76118539061 0.460004337399
6.79263276452 0.487694943814
6.82408013843 0.514903290241
6.85552751234 0.541602471548
6.88697488625 0.567766086095
6.91842226016 0.593368261838
6.94986963407 0.618383681916
6.98131700798 0.642787609687
7.01276438189 0.666555913182
7.0442117558 0.689665088978
7.07565912971 0.712092285431
7.10710650362 0.733815325277
7.13855387753 0.754812727561
7.17000125144 0.77506372888
7.20144862535 0.794548303912
7.23289599926 0.813247185224
7.26434337317 0.831141882316
7.29579074708 0.848214699913
7.32723812099 0.86444875546
7.3586854949 0.879827995816
7.3901328688 0.894337213131
7.42158024271 0.90796205988
7.45302761662 0.920689063053
7.48447499053 0.93250563748
7.51592236444 0.943400098272
7.54736973835 0.953361672377
7.57881711226 0.962380509237
7.61026448617 0.97044769052
7.64171186008 0.977555238948
7.67315923399 0.98369612618
7.7046066079 0.988864279763
7.73605398181 0.99305458914
7.76750135572 0.996262910699
7.79894872963 0.998486071871
7.83039610354 0.99972187427
7.86184347745 0.999969095868
7.89329085136 0.999227492196
7.92473822527 0.997497796594
7.95618559918 0.994781719483
7.98763297309 0.991081946669
8.019080347 0.986402136696
8.05052772091 0.98074691722
8.08197509482 0.974121880439
8.11342246873 0.966533577558
8.14486984264 0.957989512315
8.17631721655 0.94849813356
8.20776459046 0.938068826896
8.23921196437 0.926711905405
8.27065933828 0.914438599445
8.30210671219 0.901261045546
8.3335540861 0.887192274409
8.36500146001 0.872246198019
8.39644883392 0.856437595893
8.42789620783 0.839782100459
8.45934358174 0.822296181599
8.49079095565 0.803997130367
8.52223832956 0.784903041886
8.55368570347 0.765032797458
8.58513307738 0.744406045888
8.61658045129 0.723043184062
8.6480278252 0.700965336768
8.67947519911 0.678194335815
8.71092257302 0.65475269844
8.74236994693 0.630663605043
8.77381732084 0.605950876264
8.80526469475 0.580638949429
8.83671206866 0.554752854384
8.86815944257 0.528318188746
8.89960681648 0.501361092588
8.93105419039 0.47390822259
8.9625015643 0.445986725685
8.99394893821 0.417624212206
9.02539631211 0.388848728591
9.05684368602 0.359688729645
9.08829105993 0.330173050401
9.11973843384 0.300330877612
9.15118580775 0.270191720884
9.18263318166 0.239785383498
9.21408055557 0.209141932938
9.24552792948 0.178291671158
9.27697530339 0.14726510462
9.3084226773 0.116092914125
9.33987005121 0.0848059244755
9.37131742512 0.0534350739931
9.40276479903 0.0220113839262
9.43421217294 -0.0094340722259
9.46565954685 -0.0408701994407
9.49710692076 -0.0722659119206
9.52855429467 -0.103590163832
9.56000166858 -0.134811980007
9.59144904249 -0.165900486569
9.6228964164 -0.196824941468
9.65434379031 -0.227554764876
9.68579116422 -0.258059569429
9.71723853813 -0.288309190272
9.74868591204 -0.318273714892
9.78013328595 -0.347923512694
9.81158065986 -0.377229264303
9.84302803377 -0.406161990554
9.87447540768 -0.434693081154
9.90592278159 -0.462794322967
9.9373701555 -0.490437927916
9.96881752941 -0.517596560462
10.0002649033 -0.544243364632
10.0317122772 -0.570351990578
10.0631596511 -0.595896620634
10.094607025 -0.620851994843
10.126054399 -0.645193435939
10.1575017729 -0.668896873744
10.1889491468 -0.691938868978
10.2203965207 -0.714296636427
10.2518438946 -0.735948067484
10.2832912685 -0.756871752005
10.3147386424 -0.777046999482
10.3461860163 -0.796453859505
10.3776333902 -0.815073141486
10.4090807641 -0.832886433641
10.4405281381 -0.849876121191
10.471975512 -0.866025403784
10.5034228859 -0.88131831211
10.5348702598 -0.895739723685
10.5663176337 -0.909275377814
10.5977650076 -0.921911889685
10.6292123815 -0.933636763611
10.6606597554 -0.944438405381
10.6921071293 -0.954306133729
10.7235545032 -0.963230190894
10.7550018772 -0.97120175227
10.7864492511 -0.978212935133
10.817896625 -0.984256806433
10.8493439989 -0.989327389653
10.8807913728 -0.993419670718
10.9122387467 -0.99652960295
10.9436861206 -0.998654111076
10.9751334945 -0.999791094264
11.0065808684 -0.9999394282
11.0380282423 -0.999098966205
11.0694756163 -0.997270539373
11.1009229902 -0.994455955755
11.1323703641 -0.990657998569
11.163817738 -0.985880423447
11.1952651119 -0.980127954722
11.2267124858 -0.973406280756
11.2581598597 -0.965722048315
11.2896072336 -0.957082855998
11.3210546075 -0.94749724672
11.3525019814 -0.936974699267
11.3839493554 -0.925525618922
11.4153967293 -0.913161327173
11.4468441032 -0.899894050523
11.4782914771 -0.885736908397
11.509738851 -0.870703900165
11.5411862249 -0.854809891307
11.5726335988 -0.838070598705
11.6040809727 -0.820502575107
11.6355283466 -0.802123192755
11.6669757205 -0.782950626208
11.6984230944 -0.763003834372
11.7298704684 -0.742302541746
11.7613178423 -0.720867218925
11.7927652162 -0.698719062352
11.8242125901 -0.675879973363
11.855659964 -0.652372536522
11.8871073379 -0.628219997296
11.9185547118 -0.603446239063
11.9500020857 -0.5780757595
11.9814494596 -0.552133646353
12.0128968335 -0.525645552631
12.0443442075 -0.498637671241
12.0757915814 -0.471136709083
12.1072389553 -0.443169860644
12.1386863292 -0.414764781105
12.1701337031 -0.385949558995
12.201581077 -0.356752688414
12.2330284509 -0.327203040858
12.2644758248 -0.297329836667
12.2959231987 -0.267162616135
12.3273705726 -0.236731210292
12.3588179466 -0.206065711412
12.3902653205 -0.175196443252
12.4217126944 -0.144153931068
12.4531600683 -0.112968871429
12.4846074422 -0.0816721018632
12.5160548161 -0.0502945703634
12.54750219 -0.0188673047845
12.5789495639 0.0125786178387
12.6103969378 0.0440121020224
12.6418443117 0.0754020645824
12.6732916857 0.106717465371
12.7047390596 0.137927337973
12.7361864335 0.169000820322
12.7676338074 0.199907185225
12.7990811813 0.230615870742
12.8305285552 0.261096510412
12.8619759291 0.291318963276
12.893423303 0.321253343684
12.9248706769 0.350870050851
12.9563180508 0.380139798124
12.9877654248 0.409033641941
13.0192127987 0.437523010457
13.0506601726 0.465579731794
13.0821075465 0.493176061899
13.1135549204 0.520284711982
13.1450022943 0.546878875494
13.1764496682 0.572932254642
13.2078970421 0.598419086391
13.239344416 0.623314167938
13.2707917899 0.647592881637
13.3022391638 0.671231219341
13.3336865378 0.694205806141
13.3651339117 0.716493923483
13.3965812856 0.738073531632
13.4280286595 0.758923291468
13.4594760334 0.779022585583
13.4909234073 0.798351538674
13.5223707812 0.816891037193
13.5538181551 0.834622748248
13.585265529 0.851529137733
13.6167129029 0.867593487668
13.6481602769 0.882799912725
13.6796076508 0.897133375942
13.7110550247 0.910579703592
13.7425023986 0.923125599194
13.7739497725 0.934758656667
13.8053971464 0.945467372594
13.8368445203 0.955241157598
13.8682918942 0.964070346816
13.8997392681 0.971946209452
13.931186642 0.978860957414
13.962634016 0.984807753012
13.9940813899 0.989780715724
14.0255287638 0.993774928005
14.0569761377 0.996786440157
14.0884235116 0.998812274227
14.1198708855 0.999850426958
14.1513182594 0.999899871767
14.1827656333 0.998960559759
14.2142130072 0.997033419779
14.2456603811 0.99412035749
14.2771077551 0.990224253491
14.308555129 0.985348960468
14.3400025029 0.979499299381
14.3714498768 0.972681054703
14.4028972507 0.964900968695
14.4343446246 0.956166734739
14.4657919985 0.946486989735
14.4972393724 0.935871305554
14.5286867463 0.924330179577
14.5601341202 0.911875024315
14.5915814942 0.89851815612
14.6230288681 0.884272783009
14.654476242 0.869152991602
14.6859236159 0.853173733193
14.7173709898 0.836350808966
14.7488183637 0.818700854366
14.7802657376 0.800241322654
14.8117131115 0.780990467646
14.8431604854 0.760967325662
14.8746078593 0.740191696702
14.9060552332 0.718684124869
14.9375026072 0.696465878049
14.9689499811 0.673558926887
15.000397355 0.649985923054
15.0318447289 0.625770176852
15.0632921028 0.600935634163
15.0947394767 0.57550685277
15.1261868506 0.549508978071
15.1576342245 0.522967718216
15.1890815984 0.495909318684
15.2205289723 0.468360536333
15.2519763463 0.440348612935
15.2834237202 0.411901248244
15.3148710941 0.383046572603
15.346318468 0.353813119126
15.3777658419 0.324229795484
15.4092132158 0.294325855319
15.4406605897 0.264130869317
15.4721079636 0.233674695964
15.5035553375 0.202987452027
15.5350027114 0.172099482764
15.5664500854 0.141041331925
15.5978974593 0.109843711543
15.6293448332 0.0785374715657
15.6607922071 0.0471535693523
15.692239581 0.015723039057
15.7236869549 -0.015723039057
15.7551343288 -0.0471535693523
15.7865817027 -0.0785374715657
15.8180290766 -0.109843711542
15.8494764505 -0.141041331925
15.8809238245 -0.172099482764
15.9123711984 -0.202987452027
15.9438185723 -0.233674695964
15.9752659462 -0.264130869317
16.0067133201 -0.294325855319
16.038160694 -0.324229795484
16.0696080679 -0.353813119126
16.1010554418 -0.383046572603
16.1325028157 -0.411901248244
16.1639501896 -0.440348612935
16.1953975636 -0.468360536333
16.2268449375 -0.495909318684
16.2582923114 -0.522967718216
16.2897396853 -0.549508978071
16.3211870592 -0.57550685277
16.3526344331 -0.600935634163
16.384081807 -0.625770176852
16.4155291809 -0.649985923054
16.4469765548 -0.673558926887
16.4784239287 -0.696465878049
16.5098713026 -0.718684124869
16.5413186766 -0.740191696702
16.5727660505 -0.760967325662
16.6042134244 -0.780990467646
16.6356607983 -0.800241322654
16.6671081722 -0.818700854366
16.6985555461 -0.836350808966
16.73000292 -0.853173733193
16.7614502939 -0.869152991602
16.7928976678 -0.884272783009
16.8243450417 -0.89851815612
16.8557924157 -0.911875024315
16.8872397896 -0.924330179577
16.9186871635 -0.935871305554
16.9501345374 -0.946486989735
16.9815819113 -0.956166734739
17.0130292852 -0.964900968695
17.0444766591 -0.972681054703
17.075924033 -0.979499299381
17.1073714069 -0.985348960468
17.1388187808 -0.990224253491
17.1702661548 -0.99412035749
17.2017135287 -0.997033419779
17.2331609026 -0.998960559759
17.2646082765 -0.999899871767
17.2960556504 -0.999850426958
17.3275030243 -0.998812274227
17.3589503982 -0.996786440157
17.3903977721 -0.993774928005
17.421845146 -0.989780715724
17.4532925199 -0.984807753012
17.4847398939 -0.978860957414
17.5161872678 -0.971946209452
17.5476346417 -0.964070346816
17.5790820156 -0.955241157598
17.6105293895 -0.945467372594
17.6419767634 -0.934758656667
17.6734241373 -0.923125599194
17.7048715112 -0.910579703592
17.7363188851 -0.897133375942
17.767766259 -0.882799912725
17.799213633 -0.867593487668
17.8306610069 -0.851529137733
17.8621083808 -0.834622748248
17.8935557547 -0.816891037193
17.9250031286 -0.798351538674
17.9564505025 -0.779022585583
17.9878978764 -0.758923291468
18.0193452503 -0.738073531632
18.0507926242 -0.716493923483
18.0822399981 -0.694205806141
18.113687372 -0.671231219341
18.145134746 -0.647592881637
18.1765821199 -0.623314167938
18.2080294938 -0.598419086391
18.2394768677 -0.572932254642
18.2709242416 -0.546878875494
18.3023716155 -0.520284711982
18.3338189894 -0.493176061899
18.3652663633 -0.465579731794
18.3967137372 -0.437523010457
18.4281611111 -0.409033641941
18.4596084851 -0.380139798124
18.491055859 -0.350870050851
18.5225032329 -0.321253343684
18.5539506068 -0.291318963276
18.5853979807 -0.261096510412
18.6168453546 -0.230615870742
18.6482927285 -0.199907185225
18.6797401024 -0.169000820322
18.7111874763 -0.137927337973
18.7426348502 -0.106717465371
18.7740822242 -0.0754020645824
18.8055295981 -0.0440121020224
18.836976972 -0.0125786178387
18.8684243459 0.0188673047845
18.8998717198 0.0502945703634
18.9313190937 0.0816721018632
18.9627664676 0.112968871429
18.9942138415 0.144153931068
19.0256612154 0.175196443252
19.0571085893 0.206065711412
19.0885559633 0.236731210292
19.1200033372 0.267162616135
19.1514507111 0.297329836667
19.182898085 0.327203040858
19.2143454589 0.356752688414
19.2457928328 0.385949558995
19.2772402067 0.414764781105
19.3086875806 0.443169860644
19.3401349545 0.471136709083
19.3715823284 0.498637671241
19.4030297024 0.525645552631
19.4344770763 0.552133646353
19.4659244502 0.5780757595
19.4973718241 0.603446239063
19.528819198 0.628219997296
19.5602665719 0.652372536522
19.5917139458 0.675879973363
19.6231613197 0.698719062352
19.6546086936 0.720867218925
19.6860560675 0.742302541746
19.7175034414 0.763003834372
19.7489508154 0.782950626208
19.7803981893 0.802123192755
19.8118455632 0.820502575107
19.8432929371 0.838070598705
19.874740311 0.854809891307
19.9061876849 0.870703900165
19.9376350588 0.885736908397
19.9690824327 0.899894050523
20.0005298066 0.913161327173
20.0319771805 0.925525618922
20.0634245545 0.936974699267
20.0948719284 0.94749724672
20.1263193023 0.957082855998
20.1577666762 0.965722048315
20.1892140501 0.973406280756
20.220661424 0.980127954722
20.2521087979 0.985880423447
20.2835561718 0.990657998569
20.3150035457 0.994455955755
20.3464509196 0.997270539373
20.3778982936 0.999098966205
20.4093456675 0.9999394282
20.4407930414 0.999791094264
20.4722404153 0.998654111076
20.5036877892 0.99652960295
20.5351351631 0.993419670718
20.566582537 0.989327389653
20.5980299109 0.984256806433
20.6294772848 0.978212935133
20.6609246587 0.97120175227
20.6923720327 0.963230190894
20.7238194066 0.954306133729
20.7552667805 0.944438405381
20.7867141544 0.933636763611
20.8181615283 0.921911889685
20.8496089022 0.909275377814
20.8810562761 0.895739723685
20.91250365 0.88131831211
20.9439510239 0.866025403784
20.9753983978 0.849876121191
21.0068457718 0.832886433641
21.0382931457 0.815073141486
21.0697405196 0.796453859505
21.1011878935 0.777046999482
21.1326352674 0.756871752005
21.1640826413 0.735948067484
21.1955300152 0.714296636427
21.2269773891 0.691938868978
21.258424763 0.668896873744
21.2898721369 0.645193435939
21.3213195108 0.620851994843
21.3527668848 0.595896620634
21.3842142587 0.570351990578
21.4156616326 0.544243364632
21.4471090065 0.517596560462
21.4785563804 0.490437927916
21.5100037543 0.462794322967
21.5414511282 0.434693081154
21.5728985021 0.406161990554
21.604345876 0.377229264303
21.6357932499 0.347923512694
21.6672406239 0.318273714892
21.6986879978 0.288309190272
21.7301353717 0.258059569429
21.7615827456 0.227554764876
21.7930301195 0.196824941468
21.8244774934 0.165900486569
21.8559248673 0.134811980007
21.8873722412 0.103590163832
21.9188196151 0.0722659119206
21.950266989 0.0408701994407
21.981714363 0.0094340722259
22.0131617369 -0.0220113839262
22.0446091108 -0.0534350739931
22.0760564847 -0.0848059244755
22.1075038586 -0.116092914125
22.1389512325 -0.14726510462
22.1703986064 -0.178291671158
22.2018459803 -0.209141932938
22.2332933542 -0.239785383498
22.2647407281 -0.270191720884
22.2961881021 -0.300330877612
22.327635476 -0.330173050401
22.3590828499 -0.359688729645
22.3905302238 -0.388848728591
22.4219775977 -0.417624212206
22.4534249716 -0.445986725685
22.4848723455 -0.47390822259
22.5163197194 -0.501361092588
22.5477670933 -0.528318188746
22.5792144672 -0.554752854384
22.6106618412 -0.580638949429
22.6421092151 -0.605950876264
22.673556589 -0.630663605043
22.7050039629 -0.65475269844
22.7364513368 -0.678194335815
22.7678987107 -0.700965336768
22.7993460846 -0.723043184062
22.8307934585 -0.744406045888
22.8622408324 -0.765032797458
22.8936882063 -0.784903041886
22.9251355802 -0.803997130367
22.9565829542 -0.822296181599
22.9880303281 -0.839782100459
23.019477702 -0.856437595893
23.0509250759 -0.872246198019
23.0823724498 -0.887192274409
23.1138198237 -0.901261045546
23.1452671976 -0.914438599445
23.1767145715 -0.926711905405
23.2081619454 -0.938068826896
23.2396093193 -0.94849813356
23.2710566933 -0.957989512315
23.3025040672 -0.966533577558
23.3339514411 -0.974121880439
23.365398815 -0.98074691722
23.3968461889 -0.986402136696
23.4282935628 -0.991081946669
23.4597409367 -0.994781719483
23.4911883106 -0.997497796594
23.5226356845 -0.999227492196
23.5540830584 -0.999969095868
23.5855304324 -0.99972187427
23.6169778063 -0.998486071871
23.6484251802 -0.996262910699
23.6798725541 -0.99305458914
23.711319928 -0.988864279763
23.7427673019 -0.98369612618
23.7742146758 -0.977555238948
23.8056620497 -0.97044769052
23.8371094236 -0.962380509237
23.8685567975 -0.953361672377
23.9000041715 -0.943400098272
23.9314515454 -0.93250563748
23.9628989193 -0.920689063053
23.9943462932 -0.90796205988
24.0257936671 -0.894337213131
24.057241041 -0.879827995816
24.0886884149 -0.86444875546
24.1201357888 -0.848214699913
24.1515831627 -0.831141882316
24.1830305366 -0.813247185224
24.2144779106 -0.794548303912
24.2459252845 -0.77506372888
24.2773726584 -0.754812727561
24.3088200323 -0.733815325277
24.3402674062 -0.712092285431
24.3717147801 -0.689665088978
24.403162154 -0.666555913182
24.4346095279 -0.642787609687
24.4660569018 -0.618383681916
24.4975042757 -0.593368261838
24.5289516497 -0.567766086095
24.5603990236 -0.541602471548
24.5918463975 -0.514903290241
24.6232937714 -0.487694943814
24.6547411453 -0.460004337399
24.6861885192 -0.431858853013
24.7176358931 -0.403286322484
24.749083267 -0.374314999924
24.7805306409 -0.344973533795
24.8119780148 -0.315290938576
24.8434253887 -0.285296566074
24.8748727627 -0.2550200764
24.9063201366 -0.224491408638
24.9377675105 -0.193740751237
24.9692148844 -0.162798512165
25.0006622583 -0.131695288836
25.0321096322 -0.100461837852
25.0635570061 -0.0691290445948
25.09500438 -0.0377278926787
25.1264517539 -0.00628943331607
25.1578991278 0.0251552453894
25.1893465018 0.0565750491838
25.2207938757 0.0879389084111
25.2522412496 0.119215808736
25.2836886235 0.150374821814
25.3151359974 0.181385135873
25.3465833713 0.212216086183
25.3780307452 0.242837185379
25.4094781191 0.273218153608
25.440925493 0.303328948475
25.4723728669 0.333139794742
25.5038202409 0.362621213782
25.5352676148 0.39174405272
25.5667149887 0.420479513269
25.5981623626 0.4487991802
25.6296097365 0.476675049446
25.6610571104 0.504079555791
25.6925044843 0.530985600129
25.7239518582 0.557366576262
25.7553992321 0.583196397206
25.786846606 0.608449520994
25.81829398 0.633100975927
25.8497413539 0.657126385269
25.8811887278 0.680501991355
25.9126361017 0.703204679081
25.9440834756 0.72521199876
25.9755308495 0.746502188328
26.0069782234 0.767054194856
26.0384255973 0.786847695372
26.0698729712 0.805863116958
26.1013203451 0.824081656103
26.1327677191 0.8414852973
26.164215093 0.858056830856
26.1956624669 0.873779869913
26.2271098408 0.888638866652
26.2585572147 0.902619127669
26.2900045886 0.9157068285
26.3214519625 0.927889027297
26.3528993364 0.93915367762
26.3843467103 0.949489640355
26.4157940842 0.958886694725
26.4472414581 0.967335548397
26.4786888321 0.974827846675
26.510136206 0.981356180754
26.5415835799 0.986914095053
26.5730309538 0.991496093597
26.6044783277 0.99509764545
26.6359257016 0.997715189196
26.6673730755 0.999346136462
26.6988204494 0.999988874476
26.7302678233 0.999642767662
26.7617151972 0.998308158271
26.7931625712 0.995986366039
26.8246099451 0.992679686884
26.856057319 0.988391390633
26.8875046929 0.983125717796
26.9189520668 0.976887875361
26.9503994407 0.969684031658
26.9818468146 0.961521310247
27.0132941885 0.952407782884
27.0447415624 0.942352461534
27.0761889363 0.93136528946
27.1076363103 0.91945713139
27.1390836842 0.906639762777
27.1705310581 0.89292585815
27.201978432 0.878328978583
27.2334258059 0.862863558286
27.2648731798 0.84654489033
27.2963205537 0.829389111525
27.3277679276 0.811413186463
27.3592153015 0.792634890742
27.3906626754 0.773072793389
27.4221100494 0.752746238498
27.4535574233 0.731675326102
27.4850047972 0.709880892294
27.5164521711 0.687384488629
27.547899545 0.664208360806
27.5793469189 0.640375426673
27.6107942928 0.615909253567
27.6422416667 0.590834035006
27.6736890406 0.565174566765
27.7051364145 0.53895622236
27.7365837885 0.512204927953
27.7680311624 0.484947136717
27.7994785363 0.457209802679
27.8309259102 0.429020354062
27.8623732841 0.400406666168
27.893820658 0.371397033808
27.9252680319 0.342020143326
27.9567154058 0.312305044231
27.9881627797 0.282281120474
28.0196101536 0.251978061385
28.0510575275 0.221425832322
28.0825049015 0.190654645033
28.1139522754 0.159694927788
28.1453996493 0.128577295282
28.1768470232 0.0973325183683
28.2082943971 0.0659914936266
28.239741771 0.0345852128118
28.2711891449 0.00314473220774
28.3026365188 -0.0282988580831
28.3340838927 -0.0597144648832
28.3655312666 -0.0910710226866
28.3969786406 -0.122337524378
28.4284260145 -0.153483051896
28.4598733884 -0.184476806803
28.4913207623 -0.215288140745
28.5227681362 -0.245886585754
28.5542155101 -0.276241884379
28.585662884 -0.306324019607
28.6171102579 -0.336103244542
28.6485576318 -0.365550111825
28.6800050057 -0.394635502749
28.7114523797 -0.423330656057
28.7428997536 -0.451607196377
28.7743471275 -0.479437162289
28.8057945014 -0.506793033968
28.8372418753 -0.533647760402
28.8686892492 -0.559974786138
28.9001366231 -0.585748077542
28.931583997 -0.610942148545
28.9630313709 -0.635532085844
28.9944787448 -0.659493573536
29.0259261188 -0.682802917163
29.0573734927 -0.705437067146
29.0888208666 -0.727373641573
29.1202682405 -0.748590948335
29.1517156144 -0.769068006574
29.1831629883 -0.788784567433
29.2146103622 -0.807721134074
29.2460577361 -0.825858980964
29.27750511 -0.843180172386
29.3089524839 -0.859667580181
29.3403998579 -0.875304900678
29.3718472318 -0.890076670822
29.4032946057 -0.903968283462
29.4347419796 -0.916966001796
29.4661893535 -0.929056972954
29.4976367274 -0.94022924071
29.5290841013 -0.9504717573
29.5605314752 -0.959774394353
29.5919788491 -0.968127952902
29.623426223 -0.975524172482
29.6548735969 -0.981955739298
29.6863209709 -0.987416293457
29.7177683448 -0.991900435259
29.7492157187 -0.995403730534
29.7806630926 -0.997922715028
29.8121104665 -0.999454897829
29.8435578404 -0.999998763829
29.8750052143 -0.999553775222
29.9064525882 -0.998120372038
29.9378999621 -0.995699971707
29.969347336 -0.992294967655
30.00079471 -0.98790872694
30.0322420839 -0.982545586923
30.0636894578 -0.976210850974
30.0951368317 -0.968910783236
30.1265842056 -0.960652602422
30.1580315795 -0.951444474683
30.1894789534 -0.94129550553
30.2209263273 -0.930215730829
30.2523737012 -0.91821610688
30.2838210751 -0.905308499583
30.3152684491 -0.891505672698
30.346715823 -0.876821275233
30.3781631969 -0.861269827939
30.4096105708 -0.844866708956
30.4410579447 -0.827628138603
30.4725053186 -0.809571163341
30.5039526925 -0.790713638915
30.5354000664 -0.771074212699
30.5668474403 -0.750672305253
30.5982948142 -0.729528091122
30.6297421882 -0.707662478887
30.6611895621 -0.685097090484
30.692636936 -0.66185423983
30.7240843099 -0.637956910753
30.7555316838 -0.613428734267
30.7869790577 -0.588293965201
30.8184264316 -0.562577458218
30.8498738055 -0.536304643237
30.8813211794 -0.509501500284
30.9127685533 -0.482194533802
30.9442159273 -0.454410746445
30.9756633012 -0.426177612372
31.0071106751 -0.397523050084
31.038558049 -0.36847539481
31.0700054229 -0.339063370495
31.1014527968 -0.309316061389
31.1329001707 -0.279262883293
31.1643475446 -0.248933554467
31.1957949185 -0.218358066245
31.2272422924 -0.187566653376
31.2586896663 -0.156589764129
31.2901370403 -0.12545803018
31.3215844142 -0.0942022363276
31.3530317881 -0.0628532900445
31.384479162 -0.0314421909191
31.4159265359 -1.22464679915e-15
